data/2016040900_1000.json
{"header": { "discipline":0, "disciplineName":"Meteorological products", "gribEdition":2, "gribLength":78497, "center":7, "centerName":"US National Weather Service - NCEP(WMC)", "subcenter":0, "refTime":"2016-04-09T00:00:00.000Z", "significanceOfRT":1, "significanceOfRTName":"Start of forecast", "productStatus":0, "productStatusName":"Operational products", "productType":1, "productTypeName":"Forecast products", "productDefinitionTemplate":0, "productDefinitionTemplateName":"Analysis/forecast at horizontal level/layer at a point in time", "parameterCategory":2, "parameterCategoryName":"Momentum", "parameterNumber":3, "parameterNumberName":"V-component_of_wind", "parameterUnit":"m.s-1", "genProcessType":2, "genProcessTypeName":"Forecast", "forecastTime":0, "surface1Type":100, "surface1TypeName":"Isobaric surface", "surface1Value":100000.0, "surface2Type":255, "surface2TypeName":"Missing", "surface2Value":0.0, "gridDefinitionTemplate":0, "gridDefinitionTemplateName":"Latitude_Longitude", "numberPoints":65160, "shape":6, "shapeName":"Earth spherical with radius of 6,371,229.0 m", "gridUnits":"degrees", "resolution":48, "winds":"true", "scanMode":0, "nx":360, "ny":181, "basicAngle":0, "subDivisions":0, "lo1":0.0, "la1":90.0, "lo2":359.0, "la2":-90.0, "dx":1.0, "dy":1.0 }, "data":
[rows 0 to 35 of 181, columns 164 to 245 of 360]
-1.5,-1.54,-1.57,-1.6,-1.63,-1.66,-1.69,-1.72,-1.75,-1.78,-1.81,-1.84,-1.87,-1.89,-1.92,-1.94,-1.97,-1.99,-2.02,-2.04,-2.06,-2.08,-2.1,-2.13,-2.15,-2.16,-2.18,-2.2,-2.22,-2.24,-2.25,-2.27,-2.28,-2.29,-2.31,-2.32,-2.33,-2.34,-2.35,-2.36,-2.37,-2.38,-2.39,-2.39,-2.4,-2.41,-2.41,-2.41,-2.42,-2.42,-2.42,-2.42,-2.42,-2.42,-2.42,-2.42,-2.41,-2.41,-2.41,-2.4,-2.4,-2.39,-2.38,-2.37,-2.36,-2.36,-2.35,-2.33,-2.32,-2.31,-2.3,-2.28,-2.27,-2.25,-2.24,-2.22,-2.21,-2.19,-2.17,-2.15,-2.13,-2.11
3.17,3.1,3.03,2.96,2.89,2.81,2.73,2.65,2.56,2.48,2.38,2.29,2.19,2.09,1.98,1.87,1.75,1.63,1.51,1.38,1.25,1.11,0.97,0.83,0.68,0.53,0.37,0.21,0.05,-0.11,-0.28,-0.45,-0.62,-0.79,-0.97,-1.15,-1.32,-1.5,-1.69,-1.87,-2.05,-2.23,-2.41,-2.59,-2.77,-2.95,-3.13,-3.3,-3.47,-3.64,-3.8,-3.96,-4.11,-4.26,-4.4,-4.54,-4.67,-4.79,-4.9,-5.0,-5.09,-5.17,-5.24,-5.29,-5.33,-5.36,-5.37,-5.37,-5.35,-5.32,-5.27,-5.2,-5.12,-5.02,-4.9,-4.77,-4.62,-4.45,-4.26,-4.06,-3.84,-3.61
1.52,1.33,1.13,0.94,0.76,0.58,0.41,0.25,0.09,-0.05,-0.19,-0.31,-0.42,-0.52,-0.6,-0.68,-0.75,-0.81,-0.86,-0.91,-0.95,-0.98,-1.0,-1.02,-1.04,-1.05,-1.06,-1.06,-1.07,-1.07,-1.07,-1.07,-1.07,-1.06,-1.05,-1.03,-1.02,-1.01,-1.0,-0.97,-0.94,-0.9,-0.88,-0.86,-0.86,-0.87,-0.86,-0.84,-0.8,-0.75,-0.7,-0.67,-0.66,-0.67,-0.69,-0.7,-0.68,-0.65,-0.6,-0.56,-0.53,-0.51,-0.51,-0.49,-0.46,-0.42,-0.36,-0.3,-0.23,-0.17,-0.1,-0.02,0.07,0.17,0.28,0.4,0.52,0.63,0.75,0.87,0.99,1.11
5.24,5.22,5.19,5.14,5.08,5.0,4.91,4.8,4.68,4.56,4.46,4.35,4.24,4.13,4.01,3.91,3.81,3.7,3.59,3.48,3.4,3.34,3.28,3.2,3.08,2.96,2.84,2.74,2.63,2.52,2.4,2.29,2.17,2.06,1.96,1.86,1.76,1.65,1.53,1.42,1.31,1.21,1.1,0.97,0.84,0.72,0.62,0.52,0.43,0.32,0.22,0.12,0.01,-0.08,-0.17,-0.24,-0.3,-0.34,-0.37,-0.4,-0.43,-0.44,-0.44,-0.43,-0.41,-0.39,-0.36,-0.33,-0.29,-0.25,-0.2,-0.13,-0.07,0.0,0.08,0.16,0.25,0.35,0.44,0.53,0.62,0.72
6.56,6.45,6.32,6.19,6.08,5.98,5.85,5.72,5.6,5.47,5.32,5.16,5.01,4.86,4.71,4.56,4.41,4.27,4.12,3.99,3.85,3.71,3.58,3.43,3.29,3.14,3.0,2.85,2.7,2.56,2.4,2.25,2.1,1.95,1.81,1.68,1.56,1.45,1.34,1.24,1.14,1.04,0.94,0.85,0.76,0.67,0.58,0.5,0.44,0.38,0.33,0.3,0.28,0.28,0.29,0.32,0.35,0.38,0.41,0.44,0.47,0.5,0.52,0.54,0.55,0.57,0.58,0.6,0.63,0.67,0.72,0.77,0.83,0.89,0.95,1.01,1.06,1.1,1.14,1.17,1.19,1.22
6.92,6.82,6.72,6.61,6.51,6.4,6.29,6.18,6.07,5.96,5.85,5.73,5.61,5.49,5.36,5.23,5.1,4.96,4.83,4.69,4.55,4.42,4.28,4.13,3.99,3.83,3.68,3.53,3.36,3.21,3.05,2.9,2.76,2.62,2.48,2.36,2.24,2.12,2.02,1.93,1.85,1.78,1.73,1.69,1.65,1.63,1.63,1.64,1.65,1.67,1.68,1.7,1.73,1.8,1.87,1.94,2.02,2.08,2.14,2.2,2.24,2.28,2.34,2.39,2.44,2.48,2.53,2.59,2.63,2.67,2.73,2.78,2.83,2.87,2.91,2.94,2.97,3.0,3.05,3.1,3.14,3.17
6.18,6.12,6.05,5.99,5.91,5.84,5.76,5.68,5.59,5.49,5.38,5.28,5.16,5.04,4.91,4.78,4.63,4.47,4.31,4.15,3.98,3.8,3.61,3.42,3.23,3.04,2.84,2.65,2.46,2.24,2.02,1.79,1.57,1.35,1.14,0.94,0.75,0.57,0.39,0.23,0.07,-0.09,-0.22,-0.33,-0.43,-0.52,-0.58,-0.63,-0.66,-0.66,-0.64,-0.61,-0.55,-0.49,-0.41,-0.33,-0.25,-0.17,-0.08,0.01,0.09,0.18,0.26,0.34,0.41,0.49,0.58,0.68,0.77,0.86,0.94,0.98,1.01,1.02,1.02,1.02,1.03,1.04,1.04,1.04,1.03,1.01
5.9,5.89,5.88,5.86,5.83,5.79,5.74,5.68,5.62,5.54,5.46,5.37,5.28,5.18,5.06,4.94,4.8,4.66,4.5,4.34,4.17,4.0,3.82,3.63,3.45,3.26,3.08,2.89,2.7,2.52,2.33,2.15,1.96,1.77,1.58,1.39,1.19,1.0,0.79,0.59,0.38,0.17,-0.03,-0.23,-0.43,-0.62,-0.8,-0.96,-1.11,-1.23,-1.33,-1.41,-1.46,-1.49,-1.49,-1.49,-1.46,-1.44,-1.4,-1.37,-1.32,-1.26,-1.19,-1.12,-1.03,-0.94,-0.83,-0.73,-0.62,-0.52,-0.43,-0.34,-0.26,-0.19,-0.14,-0.1,-0.08,-0.09,-0.12,-0.17,-0.24,-0.32
6.87,6.82,6.75,6.68,6.6,6.5,6.4,6.29,6.18,6.06,5.93,5.8,5.66,5.51,5.35,5.19,5.01,4.81,4.61,4.4,4.18,3.96,3.73,3.49,3.27,3.04,2.83,2.62,2.42,2.22,2.03,1.84,1.65,1.46,1.27,1.09,0.9,0.72,0.54,0.37,0.2,0.04,-0.13,-0.29,-0.46,-0.62,-0.78,-0.95,-1.1,-1.25,-1.39,-1.52,-1.63,-1.73,-1.81,-1.86,-1.91,-1.93,-1.94,-1.94,-1.92,-1.9,-1.87,-1.84,-1.8,-1.74,-1.68,-1.59,-1.49,-1.37,-1.24,-1.1,-0.96,-0.84,-0.75,-0.7,-0.7,-0.73,-0.81,-0.91,-1.03,-1.17
7.99,7.91,7.82,7.71,7.59,7.46,7.33,7.19,7.05,6.91,6.77,6.61,6.45,6.27,6.08,5.88,5.67,5.45,5.24,5.03,4.81,4.6,4.38,4.15,3.9,3.64,3.37,3.08,2.8,2.51,2.22,1.94,1.66,1.39,1.14,0.88,0.61,0.34,0.07,-0.21,-0.48,-0.75,-1.01,-1.26,-1.49,-1.72,-1.92,-2.11,-2.28,-2.42,-2.54,-2.64,-2.71,-2.76,-2.78,-2.78,-2.76,-2.72,-2.66,-2.6,-2.52,-2.43,-2.35,-2.26,-2.16,-2.06,-1.96,-1.86,-1.77,-1.67,-1.57,-1.44,-1.3,-1.18,-1.1,-1.07,-1.11,-1.19,-1.34,-1.56,-1.83,-2.15
8.37,8.33,8.26,8.2,8.12,8.03,7.93,7.83,7.72,7.61,7.49,7.37,7.24,7.11,6.96,6.81,6.65,6.48,6.29,6.11,5.92,5.74,5.56,5.37,5.16,4.93,4.68,4.4,4.1,3.77,3.41,3.04,2.65,2.25,1.85,1.45,1.06,0.67,0.27,-0.13,-0.52,-0.9,-1.27,-1.62,-1.97,-2.3,-2.62,-2.91,-3.19,-3.43,-3.64,-3.81,-3.93,-4.01,-4.05,-4.05,-4.01,-3.96,-3.88,-3.78,-3.66,-3.52,-3.37,-3.2,-3.03,-2.84,-2.66,-2.47,-2.27,-2.06,-1.86,-1.67,-1.5,-1.37,-1.31,-1.33,-1.43,-1.62,-1.89,-2.25,-2.68,-3.16
7.93,7.91,7.9,7.89,7.89,7.89,7.88,7.87,7.86,7.84,7.82,7.78,7.74,7.71,7.7,7.68,7.66,7.62,7.55,7.48,7.39,7.28,7.15,7.0,6.84,6.65,6.47,6.28,6.09,5.88,5.65,5.37,5.04,4.64,4.18,3.67,3.11,2.53,1.93,1.31,0.68,0.06,-0.54,-1.13,-1.69,-2.21,-2.69,-3.11,-3.49,-3.83,-4.13,-4.4,-4.62,-4.8,-4.93,-5.03,-5.08,-5.1,-5.08,-5.01,-4.88,-4.72,-4.52,-4.31,-4.1,-3.92,-3.77,-3.62,-3.48,-3.32,-3.13,-2.91,-2.66,-2.4,-2.16,-1.97,-1.89,-1.93,-2.13,-2.52,-3.06,-3.71
6.64,7.01,7.32,7.39,7.43,7.5,7.57,7.63,7.68,7.73,7.8,7.85,7.88,7.91,7.98,8.11,8.25,8.33,8.33,8.26,8.17,8.06,7.89,7.67,7.44,7.24,7.1,7.02,6.96,6.86,6.68,6.43,6.09,5.7,5.27,4.8,4.3,3.81,3.29,2.75,2.22,1.69,1.11,0.52,-0.05,-0.65,-1.28,-1.87,-2.43,-2.97,-3.46,-3.89,-4.29,-4.66,-5.0,-5.3,-5.54,-5.74,-5.88,-5.97,-6.0,-5.97,-5.88,-5.73,-5.54,-5.33,-5.1,-4.88,-4.66,-4.45,-4.27,-4.09,-3.91,-3.74,-3.6,-3.46,-3.31,-3.17,-3.1,-3.22,-3.54,-3.98
5.95,6.01,6.07,6.16,6.29,6.44,6.59,6.75,6.92,7.11,7.31,7.48,7.61,7.67,7.63,7.55,7.57,7.74,7.96,8.1,8.15,8.11,7.89,7.53,7.1,6.69,6.41,6.27,6.17,6.03,5.84,5.59,5.29,4.99,4.68,4.32,3.93,3.54,3.12,2.68,2.29,1.91,1.52,1.17,0.86,0.53,0.24,-0.01,-0.29,-0.57,-0.86,-1.24,-1.73,-2.31,-2.99,-3.74,-4.48,-5.2,-5.87,-6.44,-6.86,-7.13,-7.21,-7.14,-6.92,-6.61,-6.26,-5.92,-5.59,-5.28,-5.01,-4.78,-4.58,-4.37,-4.16,-3.95,-3.78,-3.79,-3.99,-4.16,-4.52,-4.63
3.65,3.78,3.92,4.05,4.2,4.37,4.57,4.75,4.89,5.02,5.15,5.29,5.36,5.32,5.28,5.33,5.48,5.79,6.09,6.29,6.47,6.54,6.5,6.3,5.94,5.52,5.16,4.92,4.76,4.66,4.58,4.48,4.37,4.26,4.15,4.08,4.01,3.89,3.79,3.67,3.45,3.16,2.77,2.24,1.63,1.03,0.46,-0.01,-0.34,-0.54,-0.65,-0.76,-0.95,-1.26,-1.76,-2.38,-3.05,-3.76,-4.51,-5.25,-5.96,-6.58,-7.04,-7.29,-7.31,-7.14,-6.87,-6.55,-6.2,-5.86,-5.51,-5.18,-4.87,-4.61,-4.53,-4.77,-3.94,-4.36,-3.67,-3.21,-1.36,-0.59
0.5,0.59,0.73,0.88,1.08,1.32,1.58,1.84,2.08,2.29,2.52,2.72,2.81,2.84,2.82,2.77,2.7,2.52,2.48,2.43,2.4,2.72,2.7,2.42,2.52,2.25,2.37,2.24,1.83,1.48,1.21,0.98,0.74,0.84,1.04,1.12,1.29,1.67,1.92,2.03,2.08,2.07,1.94,1.64,1.23,0.75,0.24,-0.22,-0.6,-0.88,-1.07,-1.17,-1.23,-1.32,-1.48,-1.75,-2.13,-2.59,-3.07,-3.57,-4.07,-4.53,-4.94,-5.27,-5.5,-5.61,-5.61,-5.55,-5.47,-5.32,-5.13,-4.92,-4.67,-4.52,-4.56,-4.7,-4.8,-5.11,-6.25,-7.33,-6.21,-3.23
-2.32,-2.21,-1.93,-1.58,-1.18,-0.74,-0.41,-0.17,0.07,0.34,0.62,0.87,1.02,1.03,1.04,1.05,0.97,0.83,0.67,0.53,0.45,0.37,0.3,0.21,0.03,-0.18,-0.46,-0.75,-1.11,-1.32,-1.55,-1.56,-1.67,-1.77,-1.72,-1.7,-1.58,-1.54,-1.52,-1.47,-1.57,-1.74,-1.78,-1.77,-1.78,-1.76,-1.7,-1.82,-1.89,-1.88,-1.82,-1.75,-1.72,-1.69,-1.67,-1.71,-1.83,-2.0,-2.22,-2.46,-2.73,-3.01,-3.31,-3.58,-3.79,-3.93,-4.04,-4.13,-4.24,-4.34,-4.3,-3.94,-3.33,-2.95,-3.19,-3.27,-4.37,-3.77,-2.52,-3.38,-6.88,-5.8
-4.3,-4.07,-3.51,-2.85,-2.28,-1.96,-1.75,-1.53,-1.31,-1.08,-0.85,-0.64,-0.44,-0.23,0.01,0.23,0.33,0.25,-0.04,-0.39,-0.62,-0.84,-1.09,-1.32,-1.62,-1.84,-2.01,-2.09,-2.22,-2.35,-2.53,-2.67,-2.66,-2.64,-2.67,-2.75,-2.89,-3.06,-3.36,-3.45,-3.57,-3.54,-3.65,-3.42,-3.14,-3.04,-3.13,-3.06,-2.9,-2.84,-2.79,-2.74,-2.75,-2.79,-2.84,-3.04,-3.05,-2.95,-2.83,-2.68,-2.55,-2.53,-2.59,-2.69,-2.83,-2.97,-3.11,-3.19,-3.13,-2.94,-2.57,-1.69,-1.52,-1.65,-2.54,-3.27,-4.55,-3.74,-3.3,-3.47,-4.01,-4.57
-5.37,-4.64,-3.81,-3.08,-2.68,-2.54,-2.52,-2.46,-2.32,-2.2,-2.12,-2.1,-2.05,-1.8,-1.24,-0.66,-0.34,-0.38,-0.65,-0.98,-1.39,-1.77,-2.12,-2.46,-2.93,-3.45,-3.75,-3.85,-3.87,-3.78,-3.67,-3.58,-3.52,-3.45,-3.5,-3.7,-3.78,-3.94,-4.1,-4.2,-4.21,-4.16,-4.01,-3.74,-3.41,-3.14,-2.95,-2.73,-2.44,-2.16,-1.89,-1.72,-1.76,-1.69,-1.58,-1.47,-1.65,-2.01,-2.01,-2.1,-2.22,-2.25,-2.23,-2.18,-2.14,-2.11,-2.08,-1.89,-1.62,-1.25,-0.36,-0.83,-0.9,-0.86,-1.31,-1.73,-4.31,-4.44,-2.9,-3.53,-4.06,-4.56
-5.16,-3.93,-2.93,-2.48,-2.67,-3.18,-3.49,-3.36,-3.08,-2.98,-3.02,-3.01,-2.71,-2.36,-1.1,0.28,-0.59,-2.02,-3.33,-2.34,-2.09,-2.27,-2.67,-3.2,-3.8,-4.39,-4.94,-5.49,-6.04,-6.31,-6.27,-5.8,-5.01,-4.29,-3.67,-3.28,-3.23,-3.5,-3.9,-4.35,-4.44,-4.14,-3.72,-3.35,-2.85,-2.61,-2.41,-2.19,-2.11,-1.92,-1.59,-0.96,-0.31,0.18,0.39,0.33,0.11,-0.14,-0.43,-0.71,-1.17,-1.37,-1.44,-1.56,-1.58,-1.35,-0.93,-0.79,-0.67,-0.53,-0.43,0.13,-0.38,-3.88,-4.72,-4.65,-5.16,-4.71,-3.08,-2.52,-3.6,-5.42
-3.23,-2.79,-2.37,-2.73,-3.31,-3.72,-3.82,-2.58,-2.56,-2.66,-1.07,-0.22,-0.44,-1.26,-2.27,-2.46,-2.4,-2.07,-1.86,-2.4,-2.88,-3.28,-3.75,-4.19,-4.83,-5.46,-5.93,-6.22,-6.25,-6.09,-5.91,-5.58,-5.11,-4.65,-3.88,-3.56,-3.74,-4.01,-4.26,-4.5,-4.41,-4.13,-3.21,-2.66,-2.34,-2.03,-2.01,-2.6,-2.4,-2.25,-0.46,1.7,0.93,1.02,2.3,3.63,3.61,2.25,1.03,0.46,0.14,0.03,-0.09,-0.4,-0.6,-0.88,-1.14,-1.08,-1.39,-1.69,-2.21,-2.38,-2.7,-2.24,-0.5,-0.62,-1.44,-2.54,-3.42,-3.29,-3.84,-5.06
-2.35,-2.62,-2.19,-1.5,-1.13,-1.88,-4.89,-2.83,0.3,-0.22,-0.96,-1.61,-1.37,-1.0,-0.84,-0.88,-1.94,-4.56,-5.8,-5.44,-4.94,-5.24,-5.4,-5.48,-5.93,-6.55,-7.33,-8.09,-9.01,-9.61,-8.33,-8.45,-4.49,-2.12,-1.68,-1.36,-0.35,-0.78,-1.76,-1.97,-2.04,-1.05,0.06,0.39,0.65,-0.22,-0.57,-1.69,-2.12,0.78,3.35,2.88,2.34,2.44,1.43,-0.57,-1.51,-2.11,-0.86,0.28,-0.16,-0.94,-1.26,-1.67,-1.66,-1.24,-0.46,-1.08,-1.56,-3.41,-3.9,-2.63,-0.47,2.09,0.58,-1.97,-2.17,-1.73,-2.5,-3.0,-3.33,-3.88
-0.61,-0.72,-0.2,-0.78,-2.33,-1.49,-1.34,-1.32,-1.33,-2.12,-3.8,-2.94,-2.1,-0.47,-1.24,-2.46,-3.0,-3.81,-4.68,-7.41,-7.83,-7.1,-6.97,-7.36,-7.52,-7.8,-8.65,-9.63,-9.79,-7.08,-5.42,-4.52,0.15,0.72,0.3,0.24,-0.5,-0.9,-3.21,-2.14,-2.22,1.61,2.08,2.16,0.95,2.04,1.13,0.71,0.97,-0.17,-1.11,-1.75,-2.81,-3.17,-4.19,-2.67,-3.39,-4.86,-2.27,-0.47,-1.67,-5.37,-1.92,-0.21,-0.59,-0.86,-1.24,-0.96,-0.52,-0.49,-0.26,-0.12,-0.08,-0.8,-1.1,-1.13,-3.12,-4.76,-3.5,-2.91,-3.24,-4.11
0.56,0.27,-1.55,-1.97,-1.53,-1.0,-3.03,-3.71,-4.7,-4.86,-4.83,-2.49,-0.33,-0.19,-0.61,-1.02,-2.88,-3.23,-3.48,-5.63,-3.46,-5.41,-7.53,-5.78,-5.36,-7.19,-7.98,-8.11,-7.51,-5.59,-4.31,-3.04,1.17,2.05,0.82,0.05,-1.13,-1.5,-0.52,0.72,1.32,1.99,1.41,0.63,0.01,-0.55,0.02,0.14,-0.83,-2.19,-2.72,-3.36,-3.03,-2.42,-1.32,-0.12,1.01,1.19,0.72,0.42,-1.72,-3.36,-3.83,-2.38,-1.91,-1.97,-1.67,-1.72,-1.26,-1.29,-0.91,-1.05,-0.88,-0.21,-1.61,-3.51,-4.22,-2.97,-1.73,-2.6,-2.51,-1.62
-2.5,-2.04,-2.39,-1.55,-1.37,-2.68,-2.44,-3.38,-3.45,-4.58,-4.7,-1.82,-2.56,-1.2,-2.07,-2.0,-2.2,-5.65,-4.24,-4.14,-4.72,-5.28,-6.39,-4.72,-3.43,-3.57,-8.05,-9.6,-7.66,-5.07,-1.74,-1.22,-1.34,-0.85,-1.31,-1.26,-0.83,-0.87,0.14,-1.06,-2.51,-2.2,-1.36,-2.29,-1.12,0.0,-2.15,-2.97,-2.31,-1.37,-1.13,0.0,0.26,-1.02,-0.92,0.56,0.51,0.14,0.62,0.63,-0.62,-3.86,-3.37,-2.6,-2.28,-1.17,-1.67,-2.2,-0.94,-0.29,-0.61,-1.91,-1.55,-0.87,-1.09,-0.88,-0.9,-1.27,-0.29,-0.18,-0.32,-0.56
-3.36,-3.19,-3.17,-1.87,-2.04,-2.96,-1.31,-2.32,-1.52,-2.66,-3.81,1.23,-0.82,-1.8,-1.91,-3.58,-6.58,-5.46,-5.58,-6.88,-3.49,-4.79,-5.3,-2.74,-5.87,-6.19,-8.73,-9.37,-8.54,-6.91,-2.58,-2.59,-2.91,-2.98,-4.52,-4.24,-0.61,-0.58,-1.67,-1.78,-0.67,1.46,1.34,0.5,0.19,-1.12,-1.22,-1.95,0.22,0.16,-0.91,-0.56,-0.67,-1.13,-0.09,-0.57,-1.54,-1.7,-0.83,-1.6,-1.8,-3.2,-2.43,-3.39,-3.05,-2.43,-2.63,-3.32,-1.34,-0.42,-2.05,-2.15,-1.55,-1.18,0.04,-1.52,0.61,1.37,0.89,0.84,0.63,0.42
-3.01,-2.16,-2.0,-2.43,-2.08,-1.68,-1.75,-2.23,-1.21,-1.88,-2.54,-1.36,-0.81,-2.58,-3.42,-5.65,-6.06,-6.23,-6.3,-4.82,-5.16,-5.26,-1.85,-5.13,-7.66,-7.36,-7.75,-7.98,-7.04,-4.87,-2.46,-2.88,-2.72,-2.52,-5.06,-1.2,1.43,-1.7,-1.61,-1.09,-1.09,-0.79,-0.56,0.27,-0.97,-3.1,-3.41,-0.18,0.58,-2.22,-4.01,-3.14,0.04,0.58,1.41,0.42,0.68,0.84,-0.94,-2.06,-2.19,-2.46,-2.27,-0.18,0.36,0.06,-1.79,-4.25,-2.26,-2.14,-4.08,-3.26,-2.34,-2.79,-1.17,-0.09,-0.79,-0.08,0.07,0.68,0.99,1.3
-3.89,-2.1,-0.57,-3.56,-3.32,-3.47,-1.61,-1.82,-1.46,-1.49,-2.06,-2.87,-2.98,-3.9,-3.95,-2.62,-9.0,-8.16,-7.28,-7.09,-7.2,-6.38,-7.05,-7.88,-7.52,-6.37,-7.38,-7.51,-5.97,-5.01,-4.95,-4.42,-4.04,-3.13,-0.39,-0.03,-1.77,-2.65,-2.64,-0.17,-0.27,-1.65,-3.39,-2.47,2.4,6.79,4.41,2.59,1.93,0.55,-0.07,-1.16,1.37,2.37,1.73,1.3,1.33,0.97,0.21,-0.22,-0.35,0.75,-0.54,0.33,0.57,1.91,1.48,2.18,1.49,-1.34,-1.81,-2.64,-2.35,-2.61,-2.48,-1.84,-1.63,-1.08,-0.06,0.35,0.92,1.68
-4.47,-1.35,-2.88,-2.68,-2.57,-2.1,-1.01,-1.47,-2.68,-2.86,-3.1,-3.97,-4.25,-5.41,-3.84,-6.88,-10.51,-9.39,-8.62,-8.38,-8.24,-8.02,-7.93,-8.26,-8.58,-8.23,-7.35,-6.17,-5.11,-4.78,-3.88,-3.4,-3.77,-4.0,-2.59,-2.55,-2.5,-0.67,0.28,-1.07,-1.69,-1.19,0.33,-0.43,-1.42,-2.03,-1.1,3.98,2.2,-1.56,1.63,5.01,4.97,4.5,3.59,1.68,0.84,-0.06,-0.52,-0.54,-2.44,-0.38,1.29,0.44,0.7,0.9,1.88,1.38,0.13,-0.12,0.54,-0.34,-2.54,-3.39,-2.69,-1.29,-1.64,-2.72,-2.4,-0.06,1.9,3.83
-4.46,-1.82,-3.47,-2.31,-1.01,-0.41,0.82,1.06,0.01,-3.66,-5.5,-6.34,-6.22,-6.71,-8.51,-9.28,-9.17,-9.63,-9.04,-9.08,-9.34,-8.99,-8.84,-8.64,-8.11,-7.35,-6.27,-6.09,-6.66,-6.32,-5.33,-4.72,-4.73,-4.41,-5.13,-4.39,-0.69,2.25,-1.24,-1.1,1.6,-0.26,-0.73,1.29,1.93,1.17,1.93,2.3,-1.42,-3.77,0.66,2.85,2.01,3.16,2.35,1.29,3.88,2.35,3.09,2.56,2.69,0.63,1.17,1.3,1.53,0.81,2.13,2.11,0.39,0.64,0.34,-0.57,-1.11,-3.17,-3.97,-3.54,-3.3,-2.9,-1.75,0.08,3.26,5.42
-3.23,-1.52,-4.8,0.95,2.53,2.99,-0.33,-3.37,-4.78,-5.64,-6.29,-6.86,-7.98,-8.91,-9.39,-9.76,-9.8,-9.95,-9.25,-9.68,-9.73,-9.42,-9.02,-8.69,-8.95,-7.88,-7.32,-6.91,-7.24,-5.86,-5.76,-6.22,-5.0,-3.32,0.48,0.27,0.33,-1.46,-1.18,3.05,5.38,4.91,0.85,1.76,1.84,3.42,4.3,3.22,5.32,7.02,6.06,4.88,3.14,0.1,0.9,1.06,3.49,2.25,4.26,2.63,1.17,3.41,2.87,2.83,3.93,3.26,1.38,-1.23,-1.6,0.5,1.07,-1.58,0.93,-1.52,-2.0,-1.76,-0.94,0.59,1.98,-0.25,-0.27,2.79
-3.8,-4.72,-2.7,-2.26,-2.03,-2.71,-3.54,-4.27,-5.09,-5.7,-6.45,-7.51,-8.59,-9.09,-9.06,-8.85,-9.21,-9.81,-10.4,-10.58,-10.59,-10.66,-9.81,-8.92,-8.77,-8.21,-8.73,-8.89,-7.05,-7.21,-7.37,-6.23,-4.15,-1.52,0.32,0.7,-0.24,-1.15,-1.61,-1.93,0.16,1.13,1.56,6.91,5.62,3.5,5.77,6.68,6.96,6.89,6.42,6.05,5.36,4.22,3.0,1.75,1.12,0.21,0.51,0.2,3.82,4.84,4.12,2.97,3.68,3.35,3.3,1.92,1.87,0.87,0.18,-0.33,-1.16,-2.6,-2.95,-2.08,-1.48,-2.47,-1.3,3.1,4.61,5.47
-7.01,-6.33,-4.93,-2.86,-1.68,-1.33,-1.73,-2.52,-3.75,-5.02,-6.64,-7.79,-8.36,-8.12,-7.43,-7.98,-8.41,-8.73,-8.95,-9.04,-9.81,-9.88,-10.39,-10.82,-10.82,-11.29,-11.01,-10.17,-9.5,-8.24,-7.27,-6.23,-4.09,-0.95,1.9,3.1,2.79,2.83,3.12,4.21,1.9,-3.71,-6.3,1.59,5.26,6.42,7.68,8.38,8.93,9.13,8.75,7.83,6.67,5.77,4.92,3.77,2.38,0.37,-0.96,-1.16,1.85,2.02,0.88,0.85,0.94,1.86,0.24,0.48,-0.5,0.18,0.0,1.14,0.18,-4.14,-3.56,-3.29,-3.71,-4.33,-2.54,-0.89,0.92,-0.74
-7.32,-4.1,-2.55,-2.06,-1.51,-1.39,-1.66,-2.36,-3.31,-3.99,-5.07,-6.77,-7.63,-7.2,-6.59,-7.24,-7.44,-8.49,-6.82,-7.98,-9.19,-9.88,-10.62,-11.33,-11.89,-12.39,-11.64,-10.97,-11.25,-11.06,-7.85,1.11,8.29,9.61,11.06,11.74,8.06,9.48,8.33,6.39,7.27,7.35,-0.08,-0.56,7.32,7.31,8.1,8.91,9.74,10.47,10.88,10.94,10.39,8.5,6.52,5.13,3.7,2.5,1.25,-0.11,-1.28,0.53,-1.95,-3.24,1.25,1.79,1.43,1.61,2.3,0.71,0.01,0.16,0.1,-1.27,-1.12,-0.97,0.78,1.0,2.08,3.48,2.8,3.42
-8.33,-5.67,-4.1,-2.66,-1.15,-0.22,0.15,0.47,-0.48,-3.72,-5.2,-5.19,-6.08,-5.91,-6.27,-6.6,-7.17,-8.94,-7.82,-9.3,-9.16,-9.51,-10.66,-11.91,-12.84,-12.91,-13.11,-13.07,-12.35,-5.71,7.38,11.75,11.86,14.22,10.0,9.88,7.89,7.47,8.32,7.35,7.02,6.35,4.96,6.14,7.94,8.2,8.51,8.89,10.18,11.19,12.45,13.11,12.63,11.7,10.35,8.07,6.13,4.54,2.83,1.04,-0.47,-3.14,-3.34,-0.79,0.18,0.81,1.11,2.56,1.95,0.6,0.29,0.04,0.91,0.61,0.54,0.92,0.79,0.77,1.11,0.77,1.11,3.7
-10.02,-7.72,-3.8,-1.35,0.97,2.28,1.83,0.89,0.14,-1.58,-3.7,-5.47,-6.13,-6.03,-6.2,-7.0,-7.36,-8.46,-9.01,-8.96,-9.08,-10.36,-11.6,-12.62,-12.96,-13.21,-13.0,-11.56,-7.35,7.31,13.3,13.43,9.36,9.89,10.15,10.73,6.98,7.78,7.65,7.16,7.07,6.09,4.94,6.3,7.42,8.78,9.71,10.52,11.49,12.25,12.33,12.35,12.37,12.69,12.32,11.0,9.0,6.5,4.49,2.47,0.25,-1.74,-3.54,-4.62,-4.07,-3.77,3.5,0.99,1.58,-0.08,-0.92,-0.24,-0.04,-0.02,0.9,0.34,-0.73,-1.67,-2.76,-2.19,-0.58,3.75
