data/2016040900_925.json
{"header": { "discipline":0, "disciplineName":"Meteorological products", "gribEdition":2, "gribLength":79465, "center":7, "centerName":"US National Weather Service - NCEP(WMC)", "subcenter":0, "refTime":"2016-04-09T00:00:00.000Z", "significanceOfRT":1, "significanceOfRTName":"Start of forecast", "productStatus":0, "productStatusName":"Operational products", "productType":1, "productTypeName":"Forecast products", "productDefinitionTemplate":0, "productDefinitionTemplateName":"Analysis/forecast at horizontal level/layer at a point in time", "parameterCategory":2, "parameterCategoryName":"Momentum", "parameterNumber":3, "parameterNumberName":"V-component_of_wind", "parameterUnit":"m.s-1", "genProcessType":2, "genProcessTypeName":"Forecast", "forecastTime":0, "surface1Type":100, "surface1TypeName":"Isobaric surface", "surface1Value":92500.0, "surface2Type":255, "surface2TypeName":"Missing", "surface2Value":0.0, "gridDefinitionTemplate":0, "gridDefinitionTemplateName":"Latitude_Longitude", "numberPoints":65160, "shape":6, "shapeName":"Earth spherical with radius of 6,371,229.0 m", "gridUnits":"degrees", "resolution":48, "winds":"true", "scanMode":0, "nx":360, "ny":181, "basicAngle":0, "subDivisions":0, "lo1":0.0, "la1":90.0, "lo2":359.0, "la2":-90.0, "dx":1.0, "dy":1.0 }, "data":
[rows 144 to 179 of 181, columns 0 to 81 of 360]
0.12,0.66,1.35,1.93,2.41,2.84,3.42,4.07,4.43,4.66,5.62,6.66,7.48,7.73,8.08,8.63,9.46,11.23,12.73,13.0,11.82,13.09,13.4,14.62,15.33,15.7,15.77,15.71,15.65,15.62,15.69,15.77,15.61,15.27,14.76,14.03,13.07,11.97,11.02,9.96,8.68,7.93,6.99,4.44,1.91,-0.2,-1.84,-3.13,-4.46,-4.32,-2.41,-0.94,-0.23,0.54,0.83,0.68,-0.81,-2.72,-3.1,-2.28,-1.01,-0.28,-0.4,-1.73,-0.9,2.67,6.13,7.52,8.37,9.58,5.58,-0.81,-6.22,-8.69,-9.23,-9.76,-10.78,-11.06,-16.55,-23.49,-27.09,-29.29
0.99,1.06,1.29,1.83,2.51,2.89,3.34,4.79,6.15,6.83,7.41,7.96,7.87,7.42,7.3,8.03,10.07,12.18,11.09,11.96,13.64,14.72,15.31,15.55,15.76,15.82,15.7,15.68,15.88,16.19,16.4,16.4,16.11,15.55,14.8,13.94,13.07,12.29,11.61,10.75,10.41,9.84,8.35,6.02,3.51,0.63,-2.03,-4.63,-5.68,-4.45,-2.55,-1.41,-0.73,-0.37,-0.12,-0.37,-1.89,-3.77,-4.87,-4.17,-2.75,-1.97,-1.21,-2.51,-3.63,-0.83,1.98,3.77,4.09,6.48,9.43,7.04,-1.41,-8.45,-10.41,-10.76,-10.57,-10.74,-11.26,-11.46,-14.12,-16.72
2.07,2.52,3.18,3.74,4.52,5.28,5.93,5.6,5.31,5.39,6.03,6.72,7.21,7.83,9.18,11.49,13.04,11.72,11.95,13.33,14.48,15.69,16.21,16.77,16.77,16.9,16.84,16.84,17.08,17.38,17.46,17.16,16.46,15.46,14.32,13.18,12.19,11.49,11.0,10.45,9.91,9.31,7.72,5.63,2.64,-0.73,-3.84,-5.46,-3.97,-2.51,-1.6,-1.07,-0.75,-0.78,-1.09,-1.8,-3.41,-5.22,-6.74,-5.94,-4.18,-3.07,-3.14,-3.41,-4.65,-3.0,-0.68,0.59,1.18,2.54,2.69,3.54,6.12,2.72,-5.7,-10.79,-11.63,-11.74,-10.92,-10.19,-9.2,-8.8
3.99,4.32,4.89,5.37,5.73,6.48,6.41,6.29,6.19,6.04,6.2,6.65,7.49,9.15,11.16,10.56,10.71,11.96,13.94,15.15,16.31,16.57,16.99,17.28,17.36,17.46,17.74,18.16,18.33,17.85,17.03,16.16,15.11,13.97,12.92,11.91,11.08,10.4,9.98,9.76,9.37,8.41,6.01,3.24,-1.14,-5.43,-4.36,-2.41,-1.28,-0.73,-0.64,-0.61,-0.44,-0.25,-1.16,-3.03,-3.07,-6.68,-9.86,-6.95,-5.39,-5.21,-5.09,-5.97,-6.37,-4.58,-2.62,-2.02,-3.06,-2.23,-1.38,-1.32,-1.05,0.11,2.63,1.25,-4.42,-9.28,-11.29,-11.63,-10.89,-10.28
5.75,6.54,6.77,6.56,6.16,5.23,5.29,4.75,4.55,4.74,5.67,7.65,9.66,9.24,10.44,11.93,13.07,14.08,15.02,15.94,16.59,16.84,17.07,17.46,17.89,18.62,18.92,18.04,17.36,17.2,16.73,15.58,14.12,12.62,11.37,10.79,10.31,10.03,10.03,9.45,7.99,6.12,-1.98,-6.31,-3.78,-2.15,-0.99,0.12,0.42,0.12,-0.2,-0.47,-0.63,-1.17,-1.46,-2.0,-2.51,-5.17,-10.02,-8.88,-7.33,-6.64,-4.95,-4.17,-6.3,-5.99,-4.72,-4.46,-6.19,-6.49,-5.97,-5.94,-5.07,-4.11,-3.12,-2.12,-0.89,-0.57,-1.56,-2.71,-3.84,-4.59
7.72,7.81,7.63,6.78,4.74,3.62,3.52,3.65,4.2,5.77,8.03,8.44,10.06,11.84,12.9,13.64,14.41,15.15,15.97,16.25,16.58,17.02,17.35,18.28,18.85,18.31,18.05,18.64,18.67,18.44,17.74,16.44,14.56,12.62,11.06,10.36,10.16,9.96,9.82,5.66,-3.28,-5.05,-1.98,-2.04,-0.61,0.62,0.83,0.83,1.01,1.43,1.5,1.22,0.04,-1.78,-2.65,-2.74,-4.93,-6.48,-8.94,-6.93,-5.67,-5.37,-6.16,-7.07,-6.62,-6.93,-6.87,-7.5,-8.5,-9.03,-8.62,-8.5,-8.37,-8.16,-7.34,-5.74,-4.32,-3.47,-3.24,-3.62,-4.32,-4.96
6.53,5.96,5.0,4.23,3.57,2.59,2.55,3.26,4.76,6.33,8.0,10.11,11.65,12.77,13.6,14.47,15.25,15.84,16.48,16.88,17.24,17.7,18.01,17.98,17.68,18.1,19.46,20.06,20.46,19.81,18.21,15.83,12.91,10.57,9.59,10.04,7.72,0.6,-1.38,1.22,1.15,0.51,1.33,1.88,1.6,1.05,0.82,0.95,1.39,2.02,2.73,2.97,1.3,-1.25,-3.9,-4.4,-4.08,-7.66,-8.47,-6.69,-5.52,-6.11,-7.22,-8.36,-8.07,-7.18,-8.64,-9.15,-10.4,-10.05,-9.71,-9.43,-9.34,-9.54,-9.58,-8.54,-6.82,-5.25,-4.54,-4.7,-5.13,-5.26
5.69,4.77,3.89,2.59,1.61,1.3,2.15,3.2,4.72,7.05,9.06,10.76,12.29,13.63,14.29,15.33,16.63,17.23,17.54,17.75,17.48,17.19,17.1,16.81,17.52,18.96,19.81,20.03,20.18,19.88,17.73,14.08,10.68,7.67,2.57,-0.86,0.94,2.2,2.55,3.47,3.9,3.84,3.32,2.36,2.07,1.91,1.55,1.73,3.12,4.48,5.8,1.9,-2.24,-4.3,-5.5,-5.16,-5.65,-7.4,-7.83,-7.43,-5.88,-5.62,-7.38,-8.31,-9.8,-8.27,-7.69,-10.64,-10.99,-10.21,-10.08,-9.63,-9.54,-9.88,-9.95,-9.4,-8.27,-7.12,-6.3,-5.85,-5.74,-5.45
1.54,0.52,-0.03,-0.08,0.56,1.31,3.07,4.85,6.6,8.09,9.67,11.28,12.76,14.62,16.22,17.24,17.46,17.53,17.11,16.47,16.4,16.16,15.61,16.52,17.65,18.38,17.74,17.55,17.95,14.69,11.77,7.0,3.4,2.24,2.88,3.13,3.79,4.76,4.38,4.08,3.67,3.53,4.32,4.44,3.97,4.32,4.61,5.47,6.7,9.07,8.71,2.3,-1.1,-2.54,-4.14,-5.15,-5.21,-6.69,-8.05,-7.61,-4.78,-5.35,-9.61,-10.82,-10.77,-10.03,-9.68,-10.3,-10.25,-9.26,-8.7,-8.64,-8.77,-8.93,-8.78,-8.71,-8.79,-7.99,-6.9,-6.45,-6.28,-4.4
-0.21,-0.03,0.34,1.7,2.73,4.05,5.08,6.25,7.7,9.19,10.81,13.08,15.09,15.91,16.48,16.92,16.72,16.26,16.04,15.47,14.2,13.91,15.0,15.77,16.14,14.79,14.24,14.09,13.03,8.07,6.56,4.94,4.24,5.06,6.59,6.66,4.03,2.88,3.73,4.35,3.98,4.09,5.0,5.65,5.77,5.53,5.91,7.59,8.29,10.35,10.62,3.23,-0.6,-3.5,-3.6,-2.98,-3.38,-4.47,-5.47,-6.37,-6.46,-5.99,-8.44,-10.49,-10.91,-10.9,-10.63,-10.95,-10.65,-10.24,-9.7,-8.92,-8.26,-8.22,-8.99,-9.41,-8.74,-8.5,-8.2,-7.56,-3.75,-0.87
1.37,2.07,2.79,3.99,4.53,5.09,6.12,7.19,8.88,11.06,12.87,13.98,14.5,15.12,15.62,16.0,15.81,14.67,13.18,12.66,13.02,13.55,13.59,12.93,12.25,12.03,11.63,10.78,10.37,8.69,5.3,4.93,5.52,6.99,5.93,2.65,1.88,2.27,3.61,4.45,4.91,5.41,6.09,6.68,7.16,7.15,7.03,6.8,9.15,3.54,-0.45,0.82,1.97,3.9,5.76,6.67,6.9,6.54,4.1,-0.61,-4.95,-7.04,-7.97,-8.7,-9.29,-9.77,-10.08,-10.0,-10.52,-10.52,-9.88,-9.41,-8.76,-7.81,-7.35,-9.05,-10.48,-10.98,-8.96,-5.97,-4.22,-2.03
4.31,4.36,4.56,5.16,5.64,6.25,7.86,9.6,10.69,11.33,12.11,12.74,13.49,14.01,14.18,13.85,13.43,12.94,12.4,12.15,12.16,11.54,11.19,11.7,11.36,10.28,8.81,7.7,7.51,7.16,6.71,6.86,6.6,6.13,2.95,-2.19,-1.06,0.93,2.91,3.45,3.9,4.94,6.46,7.9,8.58,8.83,6.38,1.12,-5.05,-2.74,-1.94,-0.45,2.55,5.76,9.26,11.72,12.99,12.93,11.41,10.11,8.74,7.25,5.31,1.78,-0.44,-2.5,-4.66,-6.03,-6.09,-6.14,-6.16,-5.91,-6.64,-9.34,-11.31,-12.28,-11.99,-10.3,-7.77,-5.03,-2.65,-0.89
4.62,5.24,6.15,7.03,7.71,8.27,8.84,9.43,9.88,10.25,10.77,11.19,11.78,12.41,12.8,12.9,12.05,11.55,11.67,11.12,10.61,11.02,11.21,10.81,10.04,8.7,7.44,7.01,6.28,5.8,6.93,8.74,7.23,5.59,5.47,-2.37,-5.23,0.49,3.91,4.73,1.65,2.11,4.69,5.08,6.09,6.45,-1.17,-1.95,-3.1,-5.13,-6.53,-6.8,-3.65,1.49,6.01,13.6,16.07,11.88,10.47,9.77,8.8,7.87,7.33,7.03,6.52,5.94,5.25,4.52,3.65,3.07,2.06,0.37,-2.33,-4.8,-7.39,-8.91,-8.39,-6.9,-5.36,-3.89,-2.56,-1.22
6.7,7.14,7.57,7.87,8.15,8.27,8.48,8.53,8.66,8.8,9.11,9.63,10.2,10.76,10.61,9.68,9.9,9.82,9.47,9.46,9.66,10.44,11.56,11.53,9.8,7.37,5.68,4.76,4.66,4.93,6.46,2.85,2.05,4.42,5.12,5.59,5.36,5.31,6.36,3.34,-1.18,0.16,0.78,1.67,1.45,0.67,0.55,1.48,-0.51,1.28,1.86,4.22,1.83,0.73,-0.85,2.26,2.54,4.76,7.46,6.37,5.15,5.1,4.94,5.16,5.43,4.24,2.86,3.03,5.51,8.6,9.64,8.3,5.49,2.65,0.27,-1.53,-2.75,-3.35,-3.41,-2.8,-2.13,-1.59
7.69,7.7,7.76,7.91,7.97,7.79,7.61,7.24,7.06,7.3,7.73,7.96,7.87,7.52,6.6,6.22,7.0,8.14,8.48,7.92,8.78,11.94,13.82,12.13,8.84,5.84,4.33,2.89,2.06,0.57,-2.73,0.67,3.0,5.52,7.47,7.8,7.59,3.53,-0.35,-1.09,-1.64,-2.58,-2.73,-2.41,8.24,10.53,10.85,9.11,8.44,3.41,2.09,1.59,4.08,6.23,8.67,7.05,6.55,6.5,7.81,9.67,9.73,8.21,9.62,10.76,10.44,10.42,11.01,10.06,9.25,9.8,15.9,14.46,7.39,2.63,-0.3,-2.69,-4.26,-5.58,-6.91,-6.23,-4.04,2.11
7.47,7.28,7.27,7.2,7.03,6.98,6.88,6.49,5.92,5.15,4.36,3.66,3.26,2.87,1.98,0.91,2.48,5.69,7.64,8.36,9.97,13.26,13.24,10.2,7.43,4.96,3.42,3.28,-0.95,-7.16,-5.45,-3.14,-0.08,2.57,7.17,7.44,4.81,2.96,0.41,-3.89,-0.46,2.2,2.49,3.42,4.97,6.13,9.24,11.6,11.81,8.22,5.61,3.93,3.6,4.73,7.13,8.08,7.9,8.57,9.82,10.83,10.19,8.09,7.65,8.39,7.86,8.2,8.9,8.45,6.63,10.09,13.62,9.74,4.39,1.72,-1.7,-5.19,-7.64,-8.45,-7.78,-2.18,-2.59,-1.92
6.55,6.94,7.0,7.44,6.82,5.62,4.47,3.55,2.87,2.55,2.45,1.88,1.38,0.85,0.14,0.02,1.01,2.19,2.61,3.42,6.99,11.12,9.54,6.16,5.15,2.99,0.65,-1.13,-3.21,-3.62,-2.81,-2.9,-3.81,0.02,0.96,6.09,9.64,12.54,11.84,3.69,1.2,2.89,3.61,3.77,3.7,4.45,5.76,7.2,7.65,8.14,8.48,8.23,7.62,7.32,7.58,8.48,9.23,9.87,10.67,11.33,11.58,11.86,12.61,12.0,9.59,8.61,7.66,4.26,4.14,10.26,9.04,-0.48,-3.81,-5.94,-0.83,1.78,1.02,-0.74,-1.87,-1.6,-0.9,-1.12
4.13,2.14,1.49,1.51,1.59,2.02,5.19,5.56,2.4,1.65,2.76,3.61,4.06,4.07,5.54,3.64,2.35,1.91,3.03,4.77,3.94,3.8,5.21,6.25,5.83,6.91,1.21,3.28,2.15,1.53,1.25,1.8,2.39,3.04,3.0,3.05,4.97,7.04,8.85,9.59,8.98,7.25,6.69,6.74,6.72,6.5,6.48,6.87,7.69,8.34,9.14,10.15,10.67,10.62,10.26,9.86,9.59,9.37,9.07,8.4,7.82,7.52,7.15,8.24,10.38,10.76,9.25,7.16,8.76,10.25,1.73,-3.95,-2.59,-3.12,-4.63,-5.51,-4.99,-3.6,-2.93,-3.49,-3.64,-3.04
-3.79,0.93,3.97,2.44,3.46,4.93,6.28,7.7,8.34,5.1,4.51,2.96,1.96,5.82,6.5,5.25,3.92,5.02,6.58,4.82,5.52,4.44,1.51,2.13,5.8,6.0,8.15,15.43,13.4,9.51,6.36,5.41,6.22,6.39,6.16,5.81,6.12,7.31,8.12,8.63,8.89,8.77,8.56,8.53,8.47,8.28,7.98,7.91,8.35,8.83,9.33,9.71,9.96,9.95,9.82,9.67,9.78,10.12,10.24,9.9,9.53,9.32,9.17,9.19,9.47,8.89,7.29,5.68,9.87,2.13,-3.7,-1.93,-2.66,-3.3,-3.75,-3.75,-3.48,-3.53,-3.47,-3.49,-3.54,-3.64
7.91,1.16,-0.53,-0.49,-0.42,-0.39,0.22,2.18,3.95,4.21,3.58,2.64,1.78,1.82,2.56,3.55,3.41,2.58,2.55,3.27,4.11,4.77,5.0,4.26,2.64,2.53,5.77,9.0,11.03,10.76,7.66,5.07,5.49,6.08,5.41,4.45,4.2,5.08,6.44,7.39,7.78,8.15,8.51,8.76,9.05,9.3,9.56,9.9,10.08,10.09,9.92,9.94,10.14,10.08,10.07,9.89,9.9,10.18,10.03,9.96,10.58,10.75,10.27,8.67,5.85,5.4,6.39,5.55,-0.31,0.47,-0.44,-3.16,-3.86,-4.39,-5.0,-5.39,-5.3,-4.25,-3.75,-3.88,-3.87,-3.85
6.44,4.95,3.24,2.09,1.12,0.45,0.27,0.26,0.23,0.28,0.53,0.76,0.77,0.71,0.88,1.02,0.78,0.31,-0.05,0.05,0.39,0.84,1.31,1.85,2.33,2.8,3.73,5.05,5.96,6.64,6.74,5.82,4.99,4.95,4.93,4.54,4.46,4.94,5.54,6.13,6.73,7.38,7.98,8.43,8.73,9.11,9.59,10.09,10.57,10.91,11.31,11.85,12.11,11.75,11.33,11.31,11.24,10.76,10.28,10.54,11.3,11.82,11.98,11.48,10.78,9.9,7.92,4.58,1.16,-2.07,-3.58,-4.04,-4.23,-4.09,-4.06,-4.75,-5.48,-5.29,-5.18,-5.34,-5.31,-5.14
2.28,2.41,2.05,1.53,1.02,0.62,0.17,-0.26,-0.62,-0.93,-1.2,-1.47,-1.75,-2.05,-2.3,-2.44,-2.42,-2.32,-2.22,-2.01,-1.71,-1.36,-0.89,-0.26,0.49,1.27,1.91,2.38,2.86,3.5,4.13,4.52,4.59,4.53,4.56,4.55,4.5,4.73,5.17,5.63,6.06,6.41,6.75,7.17,7.67,8.21,8.65,9.11,9.61,9.86,10.26,11.08,11.81,12.33,13.35,14.4,14.4,13.81,13.73,13.79,13.41,12.85,12.12,11.72,11.63,10.71,8.68,6.37,4.27,2.46,0.86,-0.3,-1.26,-2.2,-3.27,-4.49,-5.1,-5.48,-5.46,-5.28,-5.4,-5.36
-2.18,-2.13,-1.86,-1.61,-1.4,-1.24,-1.19,-1.2,-1.35,-1.6,-1.83,-2.08,-2.38,-2.64,-2.94,-3.31,-3.68,-3.96,-4.19,-4.32,-4.32,-4.2,-4.01,-3.72,-3.33,-2.88,-2.32,-1.58,-0.72,0.24,1.25,2.18,2.9,3.34,3.65,3.92,4.22,4.61,5.05,5.5,5.98,6.43,6.82,7.12,7.41,7.77,8.14,8.48,8.94,9.56,10.17,10.74,11.25,11.65,12.1,12.59,12.85,13.01,13.3,13.75,13.94,13.37,12.34,11.28,10.31,9.58,8.94,8.24,7.43,6.18,4.66,3.06,1.4,-0.1,-1.51,-2.76,-3.62,-4.28,-4.65,-4.72,-4.73,-4.82
-3.89,-4.26,-4.23,-3.99,-3.72,-3.51,-3.31,-3.09,-2.94,-2.92,-3.01,-3.16,-3.22,-3.17,-3.26,-3.43,-3.56,-3.74,-3.88,-3.92,-3.95,-4.01,-4.07,-4.08,-4.07,-4.08,-4.04,-3.75,-3.04,-1.94,-0.71,0.38,1.24,1.86,2.3,2.73,3.28,3.95,4.62,5.14,5.54,5.88,6.22,6.52,6.78,7.05,7.33,7.55,7.82,8.09,8.43,8.82,9.22,9.67,10.15,10.55,10.84,11.05,10.88,10.32,9.9,9.79,9.66,9.32,9.03,8.94,8.91,8.97,9.09,9.06,8.73,7.99,6.9,5.85,4.76,3.29,1.66,0.15,-1.17,-2.18,-2.84,-3.23
-3.81,-4.1,-4.33,-4.47,-4.41,-4.29,-4.18,-4.05,-3.94,-3.9,-3.92,-3.93,-3.96,-4.05,-4.14,-4.17,-4.19,-4.21,-4.23,-4.27,-4.39,-4.52,-4.55,-4.42,-4.1,-3.58,-2.9,-2.21,-1.52,-0.86,-0.35,0.1,0.49,0.68,0.78,0.95,1.28,1.76,2.43,3.21,3.96,4.6,5.13,5.54,5.85,6.16,6.48,6.77,7.02,7.26,7.53,7.73,8.05,8.52,8.92,9.34,9.79,10.2,10.37,10.22,9.93,9.68,9.49,9.26,8.98,8.73,8.47,8.13,7.74,7.36,7.11,6.97,6.73,6.26,5.84,6.0,6.55,6.59,5.85,4.88,4.1,3.48
-3.88,-4.2,-4.43,-4.59,-4.56,-4.56,-4.61,-4.63,-4.62,-4.56,-4.52,-4.57,-4.63,-4.67,-4.71,-4.78,-4.84,-4.9,-4.94,-4.9,-4.77,-4.6,-4.42,-4.26,-4.09,-3.83,-3.5,-3.17,-2.83,-2.49,-2.14,-1.78,-1.41,-1.03,-0.62,-0.19,0.3,0.88,1.53,2.23,2.98,3.67,4.25,4.73,5.15,5.49,5.79,6.1,6.38,6.65,6.83,6.94,7.01,7.08,7.21,7.41,7.61,7.87,8.07,8.16,8.22,8.25,8.18,8.06,7.92,7.88,7.92,7.94,7.91,7.92,7.79,7.43,7.07,6.83,6.6,6.22,5.94,5.96,6.19,6.28,6.06,5.47
-4.17,-4.52,-4.76,-4.89,-4.96,-5.06,-5.16,-5.23,-5.23,-5.17,-5.1,-5.05,-5.08,-5.16,-5.21,-5.27,-5.32,-5.34,-5.34,-5.34,-5.32,-5.26,-5.17,-5.06,-4.9,-4.69,-4.45,-4.23,-4.02,-3.76,-3.4,-2.96,-2.49,-2.0,-1.44,-0.84,-0.25,0.31,0.89,1.49,2.05,2.56,3.03,3.51,4.03,4.53,4.97,5.35,5.67,5.92,6.07,6.19,6.26,6.32,6.35,6.4,6.43,6.48,6.51,6.53,6.5,6.45,6.37,6.32,6.27,6.27,6.3,6.31,6.27,6.19,6.11,6.04,5.95,5.8,5.62,5.51,5.6,5.83,6.06,6.16,6.18,6.21
-5.48,-5.56,-5.6,-5.57,-5.49,-5.41,-5.35,-5.34,-5.34,-5.38,-5.43,-5.47,-5.52,-5.57,-5.64,-5.66,-5.64,-5.6,-5.52,-5.47,-5.43,-5.39,-5.34,-5.21,-5.05,-4.94,-4.9,-4.85,-4.78,-4.64,-4.45,-4.16,-3.88,-3.6,-3.27,-2.8,-2.24,-1.65,-1.11,-0.61,-0.13,0.38,0.93,1.48,2.04,2.57,3.08,3.55,3.97,4.35,4.68,4.98,5.21,5.41,5.57,5.71,5.81,5.87,5.91,5.93,5.92,5.93,5.92,5.9,5.87,5.87,5.88,5.89,5.88,5.85,5.81,5.78,5.76,5.75,5.74,5.71,5.61,5.53,5.46,5.41,5.35,5.32
-3.51,-3.62,-3.71,-3.7,-3.67,-3.67,-3.68,-3.72,-3.79,-3.88,-3.96,-4.05,-4.14,-4.2,-4.24,-4.25,-4.25,-4.27,-4.32,-4.43,-4.59,-4.77,-4.98,-5.18,-5.31,-5.32,-5.23,-5.1,-4.99,-4.94,-4.97,-5.03,-5.06,-5.0,-4.87,-4.69,-4.5,-4.25,-3.91,-3.4,-2.7,-1.95,-1.27,-0.75,-0.36,-0.02,0.36,0.81,1.29,1.76,2.19,2.58,2.96,3.3,3.58,3.81,3.99,4.13,4.25,4.38,4.48,4.54,4.59,4.67,4.73,4.77,4.79,4.79,4.79,4.8,4.8,4.75,4.69,4.65,4.62,4.6,4.59,4.58,4.54,4.51,4.51,4.49
-2.65,-2.73,-2.83,-2.94,-3.04,-3.13,-3.2,-3.28,-3.37,-3.47,-3.58,-3.67,-3.73,-3.77,-3.8,-3.83,-3.87,-3.93,-3.99,-4.06,-4.15,-4.24,-4.37,-4.5,-4.64,-4.76,-4.9,-5.0,-5.08,-5.13,-5.15,-5.14,-5.13,-5.09,-5.06,-5.01,-4.93,-4.8,-4.6,-4.27,-3.82,-3.3,-2.8,-2.39,-2.06,-1.82,-1.61,-1.41,-1.2,-0.97,-0.7,-0.41,-0.1,0.22,0.53,0.82,1.09,1.32,1.52,1.68,1.84,2.0,2.19,2.43,2.69,2.96,3.21,3.43,3.6,3.7,3.8,3.86,3.92,3.99,4.08,4.18,4.28,4.38,4.5,4.6,4.72,4.85
-3.57,-3.64,-3.73,-3.81,-3.9,-3.98,-4.03,-4.07,-4.1,-4.1,-4.11,-4.1,-4.08,-4.08,-4.08,-4.09,-4.14,-4.19,-4.25,-4.33,-4.42,-4.49,-4.59,-4.65,-4.68,-4.72,-4.73,-4.72,-4.74,-4.78,-4.81,-4.84,-4.87,-4.9,-4.89,-4.88,-4.88,-4.79,-4.61,-4.31,-3.87,-3.29,-2.62,-1.94,-1.35,-0.9,-0.62,-0.46,-0.38,-0.32,-0.26,-0.18,-0.08,0.04,0.16,0.3,0.43,0.57,0.7,0.83,0.95,1.06,1.16,1.24,1.31,1.37,1.42,1.49,1.57,1.7,1.87,2.07,2.29,2.52,2.75,3.01,3.26,3.46,3.63,3.8,3.93,4.06
-4.17,-4.16,-4.16,-4.17,-4.2,-4.24,-4.29,-4.35,-4.4,-4.45,-4.49,-4.51,-4.54,-4.55,-4.57,-4.58,-4.58,-4.58,-4.59,-4.6,-4.62,-4.65,-4.69,-4.71,-4.74,-4.77,-4.81,-4.82,-4.82,-4.81,-4.78,-4.75,-4.72,-4.69,-4.63,-4.55,-4.44,-4.27,-4.05,-3.81,-3.54,-3.24,-2.9,-2.5,-2.03,-1.49,-0.92,-0.35,0.17,0.63,1.0,1.3,1.52,1.68,1.8,1.89,1.94,1.99,2.03,2.06,2.09,2.12,2.17,2.21,2.27,2.33,2.39,2.47,2.55,2.61,2.67,2.75,2.85,2.95,3.05,3.15,3.26,3.37,3.47,3.58,3.71,3.86
-4.51,-4.48,-4.46,-4.45,-4.45,-4.47,-4.5,-4.52,-4.54,-4.57,-4.61,-4.65,-4.69,-4.75,-4.81,-4.88,-4.96,-5.04,-5.13,-5.2,-5.27,-5.34,-5.4,-5.45,-5.49,-5.49,-5.47,-5.45,-5.41,-5.35,-5.27,-5.17,-5.08,-4.97,-4.81,-4.61,-4.39,-4.13,-3.83,-3.5,-3.15,-2.81,-2.49,-2.19,-1.94,-1.73,-1.54,-1.37,-1.2,-1.03,-0.84,-0.65,-0.44,-0.23,-0.02,0.18,0.38,0.56,0.73,0.89,1.05,1.19,1.32,1.46,1.59,1.72,1.85,2.0,2.14,2.29,2.45,2.63,2.79,2.93,3.08,3.26,3.43,3.6,3.78,3.97,4.17,4.36
-4.67,-4.66,-4.65,-4.64,-4.63,-4.61,-4.6,-4.58,-4.57,-4.55,-4.55,-4.55,-4.58,-4.62,-4.67,-4.72,-4.79,-4.87,-4.97,-5.06,-5.15,-5.23,-5.3,-5.36,-5.42,-5.48,-5.52,-5.53,-5.52,-5.51,-5.5,-5.49,-5.44,-5.37,-5.26,-5.13,-4.99,-4.83,-4.65,-4.44,-4.19,-3.91,-3.61,-3.28,-2.94,-2.59,-2.23,-1.87,-1.52,-1.17,-0.84,-0.53,-0.24,0.03,0.28,0.51,0.71,0.9,1.07,1.23,1.36,1.48,1.6,1.72,1.85,1.96,2.06,2.16,2.27,2.38,2.49,2.59,2.66,2.74,2.83,2.95,3.08,3.21,3.35,3.5,3.66,3.82
-4.43,-4.43,-4.42,-4.4,-4.37,-4.34,-4.29,-4.23,-4.17,-4.1,-4.03,-3.96,-3.88,-3.81,-3.74,-3.69,-3.64,-3.62,-3.6,-3.61,-3.63,-3.67,-3.72,-3.8,-3.88,-3.98,-4.08,-4.18,-4.28,-4.38,-4.46,-4.53,-4.58,-4.61,-4.62,-4.6,-4.55,-4.48,-4.37,-4.24,-4.07,-3.88,-3.67,-3.42,-3.16,-2.88,-2.59,-2.3,-1.99,-1.69,-1.38,-1.08,-0.78,-0.48,-0.19,0.09,0.38,0.65,0.92,1.19,1.46,1.72,1.99,2.25,2.52,2.79,3.06,3.34,3.61,3.87,4.13,4.38,4.61,4.84,5.04,5.24,5.43,5.6,5.76,5.91,6.04,6.16
-3.96,-3.95,-3.93,-3.92,-3.9,-3.89,-3.88,-3.87,-3.86,-3.85,-3.84,-3.83,-3.83,-3.82,-3.82,-3.82,-3.82,-3.82,-3.82,-3.82,-3.83,-3.83,-3.83,-3.83,-3.82,-3.82,-3.81,-3.8,-3.79,-3.78,-3.75,-3.73,-3.7,-3.66,-3.62,-3.57,-3.51,-3.45,-3.38,-3.3,-3.21,-3.11,-3.0,-2.88,-2.75,-2.62,-2.47,-2.31,-2.15,-1.98,-1.8,-1.61,-1.42,-1.22,-1.01,-0.8,-0.58,-0.36,-0.13,0.1,0.34,0.58,0.82,1.06,1.3,1.55,1.79,2.02,2.26,2.49,2.71,2.93,3.15,3.35,3.55,3.75,3.93,4.1,4.27,4.43,4.58,4.71
