data/2016040900_500.json
{"header": { "discipline":0, "disciplineName":"Meteorological products", "gribEdition":2, "gribLength":73961, "center":7, "centerName":"US National Weather Service - NCEP(WMC)", "subcenter":0, "refTime":"2016-04-09T00:00:00.000Z", "significanceOfRT":1, "significanceOfRTName":"Start of forecast", "productStatus":0, "productStatusName":"Operational products", "productType":1, "productTypeName":"Forecast products", "productDefinitionTemplate":0, "productDefinitionTemplateName":"Analysis/forecast at horizontal level/layer at a point in time", "parameterCategory":2, "parameterCategoryName":"Momentum", "parameterNumber":2, "parameterNumberName":"U-component_of_wind", "parameterUnit":"m.s-1", "genProcessType":2, "genProcessTypeName":"Forecast", "forecastTime":0, "surface1Type":100, "surface1TypeName":"Isobaric surface", "surface1Value":50000.0, "surface2Type":255, "surface2TypeName":"Missing", "surface2Value":0.0, "gridDefinitionTemplate":0, "gridDefinitionTemplateName":"Latitude_Longitude", "numberPoints":65160, "shape":6, "shapeName":"Earth spherical with radius of 6,371,229.0 m", "gridUnits":"degrees", "resolution":48, "winds":"true", "scanMode":0, "nx":360, "ny":181, "basicAngle":0, "subDivisions":0, "lo1":0.0, "la1":90.0, "lo2":359.0, "la2":-90.0, "dx":1.0, "dy":1.0 }, "data":
[rows 0 to 34 of 181, columns 0 to 77 of 360]
-9.99,-9.94,-9.89,-9.84,-9.78,-9.72,-9.66,-9.59,-9.52,-9.45,-9.38,-9.3,-9.22,-9.14,-9.05,-8.96,-8.87,-8.78,-8.68,-8.58,-8.48,-8.37,-8.27,-8.16,-8.05,-7.93,-7.81,-7.69,-7.57,-7.45,-7.32,-7.19,-7.06,-6.93,-6.8,-6.66,-6.52,-6.38,-6.24,-6.09,-5.94,-5.79,-5.64,-5.49,-5.34,-5.18,-5.03,-4.87,-4.71,-4.55,-4.38,-4.22,-4.05,-3.89,-3.72,-3.55,-3.38,-3.21,-3.04,-2.87,-2.69,-2.52,-2.34,-2.17,-1.99,-1.81,-1.63,-1.45,-1.28,-1.1,-0.92,-0.74,-0.56,-0.38,-0.2,-0.02,0.16,0.34
1.46,1.41,1.37,1.33,1.29,1.25,1.22,1.18,1.15,1.12,1.1,1.07,1.05,1.02,1.0,0.99,0.97,0.96,0.95,0.94,0.93,0.93,0.93,0.93,0.93,0.93,0.94,0.95,0.96,0.97,0.99,1.0,1.02,1.04,1.07,1.09,1.12,1.15,1.18,1.21,1.24,1.28,1.32,1.36,1.4,1.45,1.5,1.55,1.6,1.66,1.71,1.78,1.84,1.91,1.98,2.06,2.14,2.22,2.31,2.4,2.5,2.6,2.71,2.82,2.94,3.06,3.18,3.31,3.45,3.59,3.74,3.9,4.05,4.22,4.39,4.56,4.74,4.93
8.23,8.13,8.04,7.94,7.85,7.75,7.66,7.56,7.47,7.37,7.27,7.18,7.09,6.99,6.9,6.81,6.72,6.64,6.55,6.47,6.39,6.31,6.24,6.17,6.1,6.03,5.97,5.91,5.86,5.81,5.76,5.72,5.68,5.65,5.62,5.6,5.58,5.56,5.55,5.54,5.53,5.53,5.53,5.53,5.53,5.54,5.55,5.56,5.57,5.58,5.6,5.62,5.64,5.67,5.7,5.74,5.79,5.85,5.91,5.99,6.07,6.17,6.27,6.39,6.52,6.65,6.8,6.96,7.13,7.31,7.51,7.71,7.92,8.14,8.36,8.6,8.85,9.1
12.62,12.56,12.49,12.43,12.37,12.3,12.24,12.18,12.13,12.07,12.02,11.98,11.93,11.9,11.87,11.84,11.82,11.81,11.8,11.8,11.8,11.8,11.81,11.82,11.84,11.86,11.88,11.91,11.95,11.99,12.03,12.08,12.14,12.2,12.26,12.32,12.39,12.46,12.53,12.6,12.68,12.75,12.83,12.9,12.98,13.05,13.13,13.2,13.27,13.33,13.39,13.45,13.51,13.57,13.63,13.68,13.74,13.79,13.85,13.9,13.96,14.02,14.09,14.16,14.24,14.33,14.43,14.53,14.63,14.74,14.85,14.96,15.06,15.17,15.26,15.35,15.44,15.51
24.81,24.68,24.56,24.44,24.34,24.24,24.14,24.05,23.96,23.88,23.8,23.72,23.64,23.57,23.5,23.44,23.37,23.3,23.23,23.16,23.09,23.01,22.93,22.85,22.76,22.67,22.57,22.48,22.37,22.27,22.16,22.05,21.93,21.81,21.69,21.56,21.43,21.3,21.16,21.02,20.87,20.72,20.56,20.4,20.23,20.06,19.88,19.69,19.49,19.28,19.07,18.86,18.64,18.42,18.2,17.98,17.76,17.55,17.35,17.16,16.97,16.8,16.63,16.47,16.32,16.17,16.03,15.89,15.75,15.61,15.48,15.34,15.19,15.05,14.91,14.76,14.61,14.47
27.66,27.43,27.2,26.99,26.78,26.59,26.4,26.21,26.03,25.86,25.69,25.51,25.34,25.17,25.0,24.82,24.64,24.45,24.26,24.06,23.85,23.64,23.42,23.2,22.97,22.74,22.51,22.29,22.06,21.84,21.62,21.41,21.2,21.0,20.8,20.6,20.41,20.21,20.02,19.82,19.63,19.43,19.23,19.02,18.81,18.59,18.37,18.14,17.9,17.66,17.41,17.16,16.9,16.65,16.39,16.13,15.87,15.61,15.36,15.1,14.85,14.6,14.36,14.11,13.85,13.6,13.34,13.07,12.8,12.52,12.23,11.92,11.6,11.26,10.92,10.58,10.24,9.91
23.11,22.93,22.76,22.61,22.46,22.32,22.18,22.04,21.9,21.75,21.59,21.43,21.26,21.09,20.91,20.73,20.55,20.37,20.18,20.0,19.82,19.65,19.48,19.32,19.17,19.03,18.9,18.77,18.66,18.55,18.46,18.38,18.31,18.25,18.19,18.13,18.07,18.02,17.96,17.89,17.81,17.72,17.62,17.5,17.37,17.22,17.05,16.87,16.66,16.44,16.19,15.93,15.66,15.37,15.08,14.78,14.47,14.16,13.85,13.54,13.21,12.87,12.52,12.16,11.78,11.37,10.94,10.47,9.98,9.47,8.95,8.43,7.96,7.53,7.17,6.89,6.69,6.55
17.18,16.89,16.59,16.3,16.0,15.72,15.43,15.17,14.91,14.67,14.45,14.25,14.06,13.89,13.74,13.6,13.48,13.38,13.31,13.25,13.22,13.21,13.22,13.26,13.31,13.38,13.46,13.53,13.58,13.63,13.67,13.71,13.77,13.84,13.92,14.0,14.05,14.08,14.08,14.06,14.02,13.95,13.87,13.77,13.65,13.52,13.38,13.24,13.08,12.92,12.75,12.57,12.38,12.19,12.0,11.8,11.59,11.35,11.09,10.8,10.49,10.14,9.76,9.34,8.88,8.37,7.83,7.29,6.8,6.39,6.09,5.92,5.85,5.86,5.91,5.96,5.98,5.98
17.4,16.68,15.92,15.15,14.42,13.77,13.22,12.77,12.41,12.13,11.88,11.67,11.47,11.31,11.18,11.08,11.02,10.98,10.95,10.93,10.91,10.91,10.9,10.91,10.9,10.88,10.83,10.72,10.59,10.45,10.35,10.32,10.34,10.39,10.38,10.27,10.05,9.79,9.58,9.49,9.52,9.63,9.72,9.75,9.68,9.55,9.4,9.26,9.14,9.04,8.93,8.8,8.64,8.46,8.26,8.06,7.87,7.69,7.51,7.3,7.02,6.65,6.23,5.79,5.41,5.18,5.11,5.22,5.44,5.72,5.99,6.21,6.37,6.49,6.59,6.71,6.83,6.97
19.75,19.63,19.38,18.98,18.43,17.75,17.0,16.25,15.55,14.94,14.42,13.96,13.52,13.09,12.63,12.18,11.75,11.38,11.06,10.81,10.62,10.46,10.28,10.06,9.82,9.6,9.46,9.39,9.31,9.16,8.88,8.53,8.2,7.96,7.8,7.67,7.54,7.4,7.28,7.19,7.12,7.06,6.98,6.87,6.74,6.58,6.4,6.18,5.96,5.76,5.58,5.43,5.32,5.22,5.08,4.86,4.55,4.2,3.84,3.58,3.38,3.4,3.55,3.92,4.5,5.16,5.63,6.11,6.46,6.7,6.85,6.9,6.85,6.66,6.33,5.85,5.24,4.53
16.07,16.21,16.42,16.67,16.91,17.08,17.14,17.1,16.96,16.72,16.39,16.03,15.6,15.05,14.44,13.84,13.19,12.65,12.16,11.57,10.82,10.06,9.5,9.16,8.82,8.47,8.23,8.11,8.07,7.9,7.65,7.41,7.23,7.1,6.95,6.75,6.53,6.3,6.09,5.89,5.68,5.46,5.24,5.03,4.82,4.59,4.33,4.03,3.72,3.44,3.21,3.01,2.8,2.52,2.22,2.05,2.06,2.26,2.63,3.18,3.75,4.28,4.77,5.16,5.42,5.5,5.39,5.08,4.59,3.98,3.32,2.7,2.11,1.57,1.03,0.5,-0.04,-0.59
13.99,13.98,14.03,14.15,14.32,14.48,14.64,14.76,14.73,14.44,14.02,13.94,14.23,13.64,12.8,12.05,11.71,11.51,10.77,10.29,9.99,9.84,9.54,9.06,8.45,7.86,7.45,7.18,6.96,6.75,6.51,6.29,6.08,5.87,5.64,5.41,5.19,4.96,4.7,4.42,4.11,3.79,3.47,3.16,2.87,2.58,2.3,2.02,1.75,1.56,1.51,1.63,1.93,2.38,2.93,3.51,4.07,4.53,4.86,5.04,5.07,4.95,4.69,4.32,3.84,3.25,2.59,1.91,1.29,0.75,0.26,-0.26,-0.84,-1.47,-2.17,-2.93,-3.72,-4.47
14.88,14.86,14.79,14.63,14.37,14.04,13.7,13.38,13.1,12.84,12.6,12.44,12.33,12.09,11.54,10.78,10.4,10.14,9.73,9.21,8.7,8.29,7.5,7.21,6.83,6.36,5.86,5.42,5.06,4.7,4.3,3.94,3.67,3.47,3.3,3.1,2.86,2.58,2.25,1.87,1.44,1.01,0.64,0.41,0.35,0.49,0.83,1.36,2.02,2.79,3.57,4.31,4.95,5.43,5.76,5.94,6.01,5.98,5.87,5.68,5.4,5.03,4.58,4.04,3.4,2.69,1.95,1.23,0.52,-0.18,-0.92,-1.76,-2.73,-3.82,-4.92,-5.94,-6.8,-7.56
11.77,11.34,10.91,10.48,10.09,9.71,9.37,9.11,8.93,8.74,8.53,8.33,8.15,7.95,7.66,7.28,6.7,6.23,6.04,5.73,5.12,4.45,3.91,3.48,3.06,2.6,2.12,1.71,1.44,1.25,1.07,0.83,0.49,0.04,-0.47,-0.98,-1.4,-1.7,-1.86,-1.86,-1.72,-1.47,-1.16,-0.81,-0.46,-0.1,0.25,0.61,0.96,1.31,1.66,2.0,2.31,2.58,2.78,2.92,2.99,3.0,2.92,2.71,2.36,1.92,1.45,0.97,0.48,-0.02,-0.49,-0.89,-1.36,-1.96,-2.64,-3.38,-4.27,-5.15,-6.02,-7.12,-8.68,-10.57
4.1,3.8,3.53,3.31,3.16,3.08,3.1,3.19,3.28,3.34,3.36,3.34,3.27,3.09,2.75,2.34,1.97,1.61,1.16,0.61,0.08,-0.34,-0.69,-1.05,-1.43,-1.72,-1.91,-2.1,-2.42,-2.87,-3.36,-3.82,-4.2,-4.48,-4.65,-4.69,-4.65,-4.54,-4.38,-4.16,-3.93,-3.76,-3.75,-3.86,-3.96,-3.87,-3.54,-3.02,-2.45,-1.97,-1.61,-1.36,-1.18,-1.01,-0.9,-0.87,-0.9,-0.97,-1.02,-1.02,-1.14,-1.6,-1.86,-1.66,-1.77,-1.87,-1.95,-2.03,-2.17,-2.49,-2.82,-2.92,-2.89,-3.12,-3.76,-4.57,-5.25,-5.66
-2.51,-2.33,-2.11,-1.89,-1.69,-1.53,-1.44,-1.42,-1.51,-1.73,-2.06,-2.48,-2.99,-3.48,-3.85,-4.1,-4.31,-4.5,-4.65,-4.76,-4.9,-5.08,-5.29,-5.53,-5.81,-6.04,-6.19,-6.26,-6.31,-6.35,-6.35,-6.28,-6.19,-6.12,-6.04,-5.9,-5.64,-5.29,-4.9,-4.52,-4.18,-3.82,-3.45,-3.06,-2.72,-2.47,-2.36,-2.33,-2.28,-2.15,-1.92,-1.68,-1.57,-1.64,-1.78,-2.12,-2.58,-3.26,-3.18,-2.86,-3.05,-3.16,-2.99,-2.55,-2.22,-2.06,-1.85,-1.48,-1.12,-1.05,-1.24,-1.29,-0.9,-0.12,0.79,1.76,2.93,4.52
-7.15,-7.34,-7.58,-7.8,-8.02,-8.29,-8.62,-8.96,-9.28,-9.49,-9.61,-9.73,-9.88,-10.0,-10.04,-10.05,-10.08,-10.1,-10.04,-9.93,-9.75,-9.5,-9.21,-8.87,-8.51,-8.11,-7.71,-7.33,-6.94,-6.49,-6.01,-5.53,-5.1,-4.7,-4.27,-3.8,-3.31,-2.85,-2.43,-2.04,-1.63,-1.22,-0.81,-0.45,-0.16,-0.01,0.0,-0.09,-0.26,-0.54,-1.03,-1.65,-2.14,-2.33,-2.28,-2.17,-1.86,-1.81,-1.93,-1.79,-1.51,-1.25,-0.97,-0.69,-0.61,-0.87,-1.28,-1.53,-1.52,-1.4,-1.3,-1.26,-1.21,-1.08,-0.74,-0.03,1.04,2.21
-13.59,-13.64,-13.72,-13.81,-13.9,-13.84,-13.6,-13.28,-13.04,-12.78,-12.37,-11.73,-10.89,-10.0,-9.16,-8.33,-7.48,-6.64,-5.91,-5.3,-4.74,-4.18,-3.63,-3.16,-2.75,-2.33,-1.92,-1.61,-1.38,-1.14,-0.91,-0.7,-0.52,-0.38,-0.31,-0.32,-0.42,-0.57,-0.75,-0.95,-1.16,-1.28,-1.28,-1.15,-0.87,-0.48,-0.14,0.03,-0.06,-0.39,-0.88,-1.41,-1.82,-1.84,-1.4,-1.21,-1.27,-1.37,-1.29,-1.21,-1.06,-0.64,0.09,0.85,1.22,1.15,0.8,0.32,-0.17,-0.62,-1.13,-1.64,-2.17,-2.92,-3.99,-5.1,-5.87,-6.15
-11.1,-11.28,-11.47,-11.69,-11.85,-11.9,-11.9,-11.88,-11.81,-11.62,-11.34,-11.11,-11.04,-11.06,-11.05,-10.95,-10.81,-10.66,-10.52,-10.36,-10.15,-9.89,-9.59,-9.26,-8.92,-8.63,-8.35,-8.11,-7.97,-7.89,-7.8,-7.69,-7.57,-7.36,-7.05,-6.7,-6.34,-5.94,-5.49,-5.1,-4.77,-4.4,-3.92,-3.36,-2.76,-2.13,-1.55,-1.06,-0.66,-0.32,-0.04,0.01,-0.11,0.07,0.11,0.06,0.04,-0.22,-0.66,-1.18,-1.86,-2.55,-2.65,-2.02,-1.68,-2.1,-2.23,-1.94,-2.15,-2.89,-3.45,-4.26,-5.43,-6.74,-8.31,-10.1,-11.64,-12.08
-15.06,-15.33,-15.68,-15.96,-15.96,-15.63,-15.11,-14.51,-13.91,-13.32,-12.76,-12.21,-11.68,-11.2,-10.87,-10.84,-11.11,-11.45,-11.69,-11.81,-11.79,-11.73,-11.78,-11.98,-12.19,-12.38,-11.85,-11.58,-10.52,-10.68,-10.54,-10.74,-11.07,-11.52,-11.92,-11.92,-11.46,-10.71,-9.84,-8.85,-7.74,-6.55,-5.45,-4.7,-4.29,-3.96,-3.57,-3.11,-2.49,-1.66,-0.63,0.46,1.29,1.81,2.29,2.83,3.27,3.76,3.81,3.14,2.17,1.14,-0.32,-1.76,-2.0,-1.21,-0.51,-0.09,0.05,-0.44,-1.37,-2.54,-4.01,-5.41,-5.47,-3.64,-0.64,2.57
-14.82,-15.05,-15.04,-14.58,-13.58,-12.59,-11.98,-11.56,-11.16,-10.79,-10.4,-9.96,-9.58,-9.42,-9.44,-9.51,-9.59,-9.58,-9.59,-9.7,-9.91,-10.57,-11.13,-10.99,-11.09,-11.98,-11.93,-13.73,-15.25,-15.75,-15.44,-13.4,-10.73,-7.9,-5.41,-3.53,-2.34,-1.57,-1.01,-0.73,-0.92,-1.47,-2.14,-2.87,-3.62,-4.15,-4.22,-3.65,-2.34,-0.47,1.46,3.2,4.65,5.79,6.74,7.7,8.66,9.36,9.65,9.94,10.02,9.74,8.7,7.25,5.63,3.92,2.61,2.12,2.56,3.19,3.84,5.03,7.31,10.3,13.17,15.76,17.68,17.95
-10.15,-10.32,-10.6,-10.99,-11.26,-11.51,-11.79,-11.94,-12.14,-12.7,-13.64,-14.69,-15.48,-15.92,-16.08,-16.3,-16.38,-16.96,-17.17,-17.99,-17.59,-18.08,-17.16,-16.19,-14.52,-12.53,-10.49,-7.95,-5.25,-2.6,-1.13,-0.55,-0.09,0.11,0.45,1.09,1.49,1.73,1.78,2.17,2.56,2.89,2.51,1.34,0.32,-0.32,0.46,2.9,5.04,6.42,8.57,11.31,14.06,16.61,18.74,20.19,20.82,20.23,18.75,17.52,17.04,16.8,16.72,16.36,15.67,14.59,13.53,12.53,11.92,11.64,11.92,12.96,14.6,15.79,16.36,17.15,18.24,18.79
-6.11,-5.95,-5.88,-5.82,-5.88,-6.4,-7.23,-7.98,-8.25,-8.17,-8.33,-8.67,-8.6,-8.01,-7.15,-6.15,-4.74,-4.4,-2.83,-0.67,1.19,2.32,3.17,3.64,4.05,4.88,4.97,5.33,5.64,5.57,5.76,5.94,5.99,5.93,5.85,5.4,4.91,5.0,5.69,6.79,7.46,6.66,5.23,3.84,2.79,3.22,5.07,5.88,8.53,13.56,16.3,16.37,16.17,16.86,18.84,21.18,22.82,23.48,23.68,23.3,22.25,20.79,19.56,18.58,18.32,17.95,18.26,18.85,18.28,18.05,18.09,17.9,17.78,17.91,18.04,18.61,19.14,18.96
-5.0,-4.68,-4.44,-4.44,-4.29,-3.97,-3.75,-3.91,-4.39,-4.5,-3.68,-2.05,-0.4,1.04,1.36,2.51,3.21,4.6,5.01,5.13,5.95,7.33,9.24,11.13,12.55,13.17,13.23,13.12,12.99,12.78,11.78,11.37,10.56,9.63,9.07,9.28,9.7,9.79,8.99,8.22,8.74,9.69,10.21,10.33,8.78,8.24,8.8,10.55,12.23,14.47,14.42,13.86,15.87,18.5,19.73,19.55,19.56,19.51,19.78,21.62,23.59,24.71,24.9,23.49,20.24,17.23,16.29,15.95,15.48,15.95,16.72,17.63,18.39,19.02,19.7,20.39,20.89,21.28
-3.58,-3.48,-3.74,-3.85,-3.67,-3.31,-2.75,-1.99,-1.14,-0.33,0.34,0.24,0.15,1.34,2.73,4.11,5.55,6.97,7.63,9.94,12.39,14.26,15.65,16.04,15.9,15.23,14.41,13.71,13.36,13.14,13.07,12.84,12.46,11.95,12.24,13.67,14.97,15.04,14.24,12.49,11.03,11.1,11.14,11.95,12.83,13.12,14.18,16.06,16.81,17.88,18.71,15.44,13.74,12.75,13.69,15.56,16.19,16.62,16.39,16.11,16.75,18.1,19.39,20.92,22.03,21.96,20.51,18.33,16.7,15.99,15.48,15.04,14.79,14.79,14.82,14.88,14.94,14.96
-0.76,-1.09,-1.34,-1.43,-1.34,-1.15,-0.84,-0.26,0.51,1.07,1.67,2.73,4.14,6.27,7.81,8.66,9.55,11.07,12.18,12.06,11.95,12.46,12.36,11.75,10.9,10.0,9.23,8.98,8.84,8.71,8.9,9.31,10.03,11.56,13.4,14.87,15.43,14.99,15.2,14.44,12.61,11.88,12.39,13.89,16.71,20.32,24.08,26.18,24.65,22.08,20.67,18.01,20.94,22.89,19.77,15.85,14.35,14.32,14.38,13.71,13.81,14.96,14.58,14.65,15.86,16.82,17.6,17.86,17.49,16.49,15.82,15.26,13.78,12.43,11.96,12.02,11.96,11.14
2.19,1.78,0.98,0.42,0.25,0.32,0.94,1.6,2.05,2.33,2.12,3.3,4.72,6.28,7.89,8.34,9.93,10.4,10.18,9.34,8.5,8.6,8.3,7.27,6.03,5.47,5.52,5.87,6.08,6.77,7.77,7.48,7.07,7.99,9.78,11.68,13.59,15.65,17.06,17.03,18.14,20.83,23.59,26.97,33.06,40.26,43.95,40.34,30.92,27.61,26.85,26.25,24.32,20.7,19.66,19.92,20.06,19.45,18.41,17.69,17.87,16.54,15.99,15.95,15.87,15.19,14.66,14.33,13.73,13.06,12.52,12.31,11.59,10.69,9.68,8.33,6.56,4.72
5.96,4.42,4.91,5.16,5.14,4.89,4.65,3.45,2.42,2.89,4.49,5.01,5.16,6.12,6.42,6.25,5.75,4.93,5.81,6.16,5.68,5.19,4.14,3.62,3.98,4.88,6.04,8.33,10.58,10.7,9.28,9.42,11.89,15.03,17.83,20.23,21.27,22.09,23.28,24.98,29.21,36.61,43.83,44.52,37.43,30.65,29.77,31.44,31.71,31.94,29.76,25.45,22.53,21.55,20.67,19.37,18.3,17.09,16.22,16.18,16.23,14.63,14.97,14.99,15.12,14.63,13.6,11.81,9.98,8.71,8.36,8.47,7.86,6.24,4.61,2.93,1.0,-0.92
13.22,11.5,8.17,5.76,5.03,4.71,4.01,3.3,4.72,6.22,6.0,6.18,6.29,5.87,5.66,5.09,5.44,5.88,6.54,7.45,8.74,9.92,11.02,12.39,13.96,15.55,16.78,17.6,17.69,17.55,18.14,20.05,22.66,25.74,26.24,27.12,28.76,31.63,36.89,39.58,38.65,33.83,31.08,33.24,33.73,31.92,30.28,28.65,26.55,24.23,23.05,23.37,24.16,24.97,25.25,24.69,23.21,20.61,17.67,15.44,15.32,12.46,12.09,12.08,11.44,10.65,9.17,6.88,4.6,4.29,5.03,4.96,3.53,2.21,0.26,-2.01,-3.91,-4.35
13.94,15.09,14.78,12.97,9.71,7.05,5.58,6.72,7.08,7.01,6.11,6.41,5.72,5.41,5.88,5.98,6.12,7.01,8.31,9.74,11.03,11.97,13.18,14.61,15.8,16.4,16.76,16.33,16.61,19.08,23.04,26.52,29.1,31.69,33.52,35.62,37.48,33.92,31.7,31.65,31.99,31.93,30.88,29.21,27.49,26.07,25.25,24.37,23.15,22.26,23.12,23.92,24.2,24.03,23.87,23.33,21.9,20.71,18.8,15.54,14.89,11.57,10.14,9.11,7.72,6.29,4.4,2.27,1.53,2.8,3.53,2.1,0.99,-1.4,-3.95,-5.4,-4.92,-3.1
13.12,14.69,16.54,16.96,15.62,13.59,10.82,8.5,7.0,6.41,5.93,5.48,4.82,6.0,6.63,7.91,9.51,10.7,11.35,11.15,10.75,10.58,10.44,10.25,10.19,10.6,12.44,17.09,23.07,27.63,30.22,32.34,35.84,37.95,36.3,32.01,29.36,30.02,30.19,28.32,26.45,25.24,23.86,22.86,21.71,21.13,20.66,20.27,20.15,20.37,19.91,19.78,20.1,20.35,20.14,19.7,18.9,17.25,14.91,13.4,12.14,9.79,7.67,5.78,3.66,2.42,1.35,1.12,2.39,3.45,2.09,0.78,-1.27,-3.59,-5.33,-5.22,-4.64,-6.75
10.32,13.11,15.5,17.73,19.01,18.02,16.57,12.48,8.78,6.01,4.58,4.9,5.39,5.78,6.6,8.16,10.45,13.0,15.33,16.71,17.33,17.99,18.62,19.56,22.46,27.09,30.82,32.14,33.17,35.44,36.8,36.7,34.81,31.75,28.9,29.51,30.67,28.93,27.14,25.11,23.33,21.84,20.29,19.05,18.04,17.51,17.83,18.41,17.87,16.63,15.67,15.41,14.89,14.05,12.97,12.06,11.45,10.59,9.71,8.45,7.61,5.52,3.55,1.54,0.35,-0.05,0.6,2.37,3.33,2.44,0.86,-0.68,-2.48,-4.34,-5.34,-4.79,-5.59,-6.01
8.65,10.57,12.86,15.45,17.94,20.07,19.98,18.29,14.45,10.43,7.33,5.93,5.3,6.44,8.79,12.15,16.39,19.17,18.82,18.11,18.65,20.16,22.21,25.11,28.92,33.65,36.11,35.71,33.57,31.72,30.18,29.04,28.43,28.34,28.43,28.39,28.89,28.09,25.76,22.8,19.91,18.36,17.96,18.38,18.8,18.79,18.05,16.33,14.94,13.5,12.9,12.36,11.09,9.74,7.43,5.74,5.15,4.78,4.15,3.71,2.26,0.28,-0.83,-1.48,-1.51,-0.4,1.63,2.66,2.15,0.69,-1.01,-2.36,-3.66,-4.3,-4.41,-3.77,-2.69,-2.75
7.15,8.43,10.15,12.33,14.68,16.84,19.57,21.57,20.82,19.72,18.08,16.34,16.54,16.83,18.06,19.38,18.31,15.98,13.66,12.21,14.42,20.49,27.14,32.12,33.38,30.49,28.34,26.98,25.11,24.38,24.96,23.8,24.63,25.89,27.46,28.55,26.66,24.2,21.79,19.61,17.81,16.68,16.26,15.89,15.1,14.24,13.06,11.77,10.68,10.4,10.54,9.33,6.84,4.59,3.04,1.73,1.06,0.2,-0.62,-1.9,-3.13,-3.32,-3.14,-2.36,-0.77,0.93,1.73,1.37,0.23,-1.16,-2.47,-3.33,-3.45,-3.51,-3.32,-1.81,-0.54,-0.24
8.28,8.25,8.44,8.98,10.81,13.84,16.13,18.76,22.21,23.57,23.19,23.15,23.13,22.72,22.11,18.48,13.06,11.67,16.76,24.7,28.9,28.82,27.22,25.64,23.84,21.5,19.09,18.39,18.6,19.08,18.44,18.89,19.75,19.65,20.53,20.79,20.59,19.5,18.3,16.86,15.38,14.77,14.06,12.58,10.78,9.34,7.94,6.66,6.33,6.58,6.02,3.82,1.05,-1.25,-2.66,-3.49,-4.32,-5.13,-5.87,-5.71,-5.22,-4.4,-2.95,-1.28,-0.19,0.13,-0.23,-0.81,-1.87,-3.09,-3.42,-2.88,-2.12,-0.6,1.38,0.6,0.25,2.02
