data/2016040900_925.json
{"header": { "discipline":0, "disciplineName":"Meteorological products", "gribEdition":2, "gribLength":79465, "center":7, "centerName":"US National Weather Service - NCEP(WMC)", "subcenter":0, "refTime":"2016-04-09T00:00:00.000Z", "significanceOfRT":1, "significanceOfRTName":"Start of forecast", "productStatus":0, "productStatusName":"Operational products", "productType":1, "productTypeName":"Forecast products", "productDefinitionTemplate":0, "productDefinitionTemplateName":"Analysis/forecast at horizontal level/layer at a point in time", "parameterCategory":2, "parameterCategoryName":"Momentum", "parameterNumber":3, "parameterNumberName":"V-component_of_wind", "parameterUnit":"m.s-1", "genProcessType":2, "genProcessTypeName":"Forecast", "forecastTime":0, "surface1Type":100, "surface1TypeName":"Isobaric surface", "surface1Value":92500.0, "surface2Type":255, "surface2TypeName":"Missing", "surface2Value":0.0, "gridDefinitionTemplate":0, "gridDefinitionTemplateName":"Latitude_Longitude", "numberPoints":65160, "shape":6, "shapeName":"Earth spherical with radius of 6,371,229.0 m", "gridUnits":"degrees", "resolution":48, "winds":"true", "scanMode":0, "nx":360, "ny":181, "basicAngle":0, "subDivisions":0, "lo1":0.0, "la1":90.0, "lo2":359.0, "la2":-90.0, "dx":1.0, "dy":1.0 }, "data":
[rows 36 to 71 of 181, columns 164 to 245 of 360]
-10.46,-6.69,-3.24,0.5,4.13,7.51,5.53,2.75,1.2,-0.31,-2.11,-4.6,-6.56,-7.53,-7.23,-8.14,-9.84,-11.12,-10.88,-12.23,-12.89,-14.4,-15.8,-17.53,-18.26,-16.84,-15.21,-10.31,11.87,14.8,13.99,14.27,14.61,14.22,14.1,13.21,12.29,10.78,9.16,7.7,7.36,6.79,5.73,6.01,9.37,12.57,14.65,15.61,15.86,15.32,14.07,12.56,11.46,11.01,10.62,11.06,10.03,7.56,5.66,3.3,0.78,-1.83,-3.89,-4.8,-6.51,-6.64,-0.54,1.8,1.67,0.84,0.07,-1.02,-1.4,-1.8,-2.47,-0.47,1.55,1.26,-0.4,0.04,0.93,0.6
-8.07,-5.3,-1.11,2.24,4.46,5.57,4.44,2.54,1.09,-0.38,-2.24,-3.46,-4.44,-6.55,-8.02,-8.74,-10.12,-12.23,-12.44,-13.63,-14.31,-15.73,-16.27,-17.18,-18.13,-17.28,-13.16,1.96,14.2,14.08,14.06,13.83,13.66,13.6,13.49,13.34,12.86,10.64,8.15,6.7,5.72,5.19,5.19,10.86,15.88,18.05,18.82,18.98,18.15,16.86,14.86,13.56,12.47,11.39,10.72,9.84,9.01,7.27,5.07,3.29,0.66,-2.1,-4.56,-6.99,-1.79,-7.58,-8.25,-1.04,2.57,1.52,1.41,-1.48,-3.24,-3.73,-4.35,-1.98,2.0,3.3,3.8,2.78,1.59,1.03
-2.55,-1.3,0.53,2.08,2.88,3.15,2.77,2.01,0.57,-1.64,-2.82,-2.74,-3.33,-4.28,-7.45,-9.14,-10.97,-12.42,-12.85,-14.29,-15.85,-17.94,-13.5,-18.84,-17.97,-15.55,-11.7,2.02,15.02,13.74,13.14,12.66,12.42,12.36,12.26,12.56,12.15,9.15,6.02,3.98,3.29,1.4,14.13,19.43,23.33,23.04,22.38,21.21,18.98,17.06,15.99,14.71,13.39,12.6,11.58,10.23,7.94,5.68,3.26,2.14,-0.22,-2.89,-5.51,-7.33,-9.55,-9.28,-8.02,-6.63,1.08,-0.41,0.37,-3.3,-6.19,-5.46,-1.82,1.58,2.66,2.01,2.68,3.16,3.33,1.85
1.23,1.26,1.36,1.48,1.66,1.68,2.31,2.1,0.72,-1.74,-3.33,-3.5,-3.31,-3.99,-5.39,-8.8,-11.01,-12.92,-14.13,-14.0,-15.31,-16.22,-16.5,-15.97,-16.65,-14.89,-10.37,-4.27,13.61,12.6,11.65,11.06,11.25,11.83,10.83,11.18,11.17,7.86,4.44,0.89,0.58,3.66,22.23,26.24,27.73,26.41,24.48,22.79,20.77,18.76,17.04,15.53,13.81,12.33,11.47,10.29,7.58,4.67,1.82,0.82,-1.64,-4.19,-6.12,-8.37,-9.94,-10.32,-10.55,-8.25,-4.71,-1.85,-0.21,0.2,0.98,0.83,0.0,2.11,2.63,3.37,0.86,2.24,1.82,2.41
1.7,1.75,1.59,0.99,1.42,2.01,2.39,2.13,0.94,-1.02,-2.62,-3.28,-3.27,-3.44,-4.52,-7.39,-10.42,-12.89,-14.35,-14.64,-14.98,-15.97,-15.9,-15.28,-15.69,-15.31,-10.75,-5.89,10.25,9.16,8.79,9.52,10.41,9.46,9.29,9.66,10.35,7.46,4.31,0.19,-1.49,7.3,25.88,29.71,30.55,28.59,26.56,24.98,22.6,19.91,17.96,15.98,13.33,12.1,11.53,9.89,7.09,4.44,0.32,-0.06,-2.45,-4.96,-6.9,-9.37,-10.91,-11.68,-12.04,-12.0,-11.06,-6.64,-2.66,-9.83,-0.36,1.19,1.23,3.56,2.37,2.06,0.83,1.25,2.82,1.87
1.57,1.6,1.72,2.21,2.45,2.63,3.07,3.24,2.05,-0.2,-1.9,-2.41,-2.44,-2.72,-3.59,-6.16,-9.66,-12.35,-14.25,-15.07,-15.08,-15.59,-15.68,-15.04,-13.18,-13.63,-11.8,-5.72,5.66,4.58,6.48,9.51,10.2,10.23,8.92,9.38,11.27,8.93,6.0,1.0,-0.01,8.58,25.29,32.91,32.86,30.9,28.92,26.25,23.36,20.4,17.85,15.65,13.61,11.93,10.88,8.69,5.99,2.8,-1.51,-0.5,-3.24,-5.66,-6.89,-8.5,-9.83,-11.0,-12.33,-13.28,-15.62,-11.92,-5.7,-1.6,-2.34,-3.03,1.68,1.83,1.52,2.32,1.85,1.2,1.66,1.69
2.54,3.17,3.22,3.21,3.67,3.97,3.72,3.76,3.24,2.08,-0.34,-1.72,-1.92,-2.33,-3.18,-4.82,-8.03,-10.62,-12.27,-13.68,-14.52,-14.98,-15.43,-14.8,-12.99,-12.69,-13.72,-8.07,-0.52,-0.74,3.65,9.15,10.09,11.09,10.92,10.07,10.27,10.92,8.55,4.12,2.53,9.76,22.08,33.57,34.45,32.93,29.69,26.95,24.26,21.02,18.27,15.93,13.95,12.3,9.51,6.87,4.07,-0.16,-2.56,-0.91,-3.71,-5.21,-6.49,-7.87,-9.28,-11.03,-12.55,-15.25,-16.63,-14.12,-8.11,-6.01,0.68,-1.68,-2.98,0.13,1.48,0.48,1.17,1.19,0.75,0.48
0.77,2.12,4.33,6.2,5.84,5.11,4.42,4.02,3.93,3.27,1.49,-0.26,-1.29,-2.08,-2.75,-3.53,-5.48,-8.14,-10.1,-11.45,-13.09,-14.1,-14.24,-13.96,-13.1,-13.21,-13.97,-9.68,-6.4,-6.49,-0.6,7.57,11.6,13.48,14.13,13.61,11.62,11.2,10.3,8.1,7.02,11.25,20.13,30.9,34.9,33.48,29.57,27.13,24.38,21.25,18.46,15.99,14.53,11.89,7.16,4.96,1.94,-2.99,-0.73,-1.73,-4.2,-5.68,-6.82,-8.23,-9.72,-11.87,-13.72,-15.11,-15.35,-12.15,-8.57,-9.19,-8.62,-3.64,-2.58,-1.67,1.58,-0.25,1.12,-0.32,0.78,0.78
1.13,3.05,5.31,8.15,9.88,8.86,6.86,5.36,4.88,4.5,3.22,0.88,-0.39,-1.23,-1.85,-3.11,-4.39,-6.72,-9.02,-10.61,-11.54,-12.83,-13.12,-13.54,-12.97,-13.15,-13.94,-11.27,-10.09,-11.81,-7.07,3.52,11.21,16.39,17.97,17.14,15.97,13.21,11.32,9.5,10.12,12.61,17.76,27.39,34.09,33.39,29.14,26.65,23.95,20.5,17.92,16.1,14.37,9.86,5.49,3.65,0.4,-1.5,-0.39,-3.1,-5.04,-6.31,-7.01,-8.15,-9.72,-11.67,-13.35,-13.93,-13.13,-9.2,-8.46,-10.94,-11.14,-8.6,-0.83,1.32,-1.64,-2.58,-1.74,-3.74,-2.86,-0.88
-0.5,2.37,4.91,7.18,9.02,10.8,10.96,9.6,7.33,5.66,4.64,2.75,0.95,0.03,-1.13,-2.39,-3.58,-5.55,-7.77,-9.23,-10.53,-11.1,-11.85,-12.32,-13.04,-13.21,-13.39,-11.54,-11.15,-13.67,-10.78,-0.47,11.51,16.09,18.56,19.53,18.14,15.81,12.46,11.38,11.54,13.06,16.02,24.62,33.05,32.51,28.89,25.46,22.58,19.25,16.9,15.82,12.36,8.53,5.28,2.63,-0.94,-1.18,-2.88,-4.31,-5.72,-6.66,-7.5,-8.55,-9.89,-11.13,-12.41,-11.91,-9.17,-8.07,-11.49,-14.13,-6.39,-4.4,-2.2,-3.63,-5.0,-1.72,1.13,0.53,0.0,-0.44
0.65,1.67,5.44,8.28,10.95,11.34,11.05,11.53,11.97,9.81,6.52,4.79,2.6,0.8,-0.29,-1.87,-3.73,-5.06,-6.84,-8.57,-9.63,-10.29,-10.3,-10.81,-11.94,-12.62,-12.64,-11.55,-10.52,-11.83,-10.46,-0.27,10.34,12.85,16.97,18.2,18.11,15.87,13.14,11.7,12.3,12.48,13.88,22.63,32.44,30.99,27.17,24.87,21.22,17.73,15.44,14.95,10.07,7.17,4.1,-0.39,-0.48,-2.28,-4.07,-5.1,-6.2,-7.18,-8.39,-9.28,-9.86,-10.15,-10.53,-8.85,-8.27,-11.75,-15.01,-13.65,-2.34,-2.08,-2.0,-4.55,1.28,0.85,-0.24,-1.26,-1.14,-1.29
8.44,14.12,15.62,15.37,16.16,17.14,16.19,14.58,12.83,11.29,10.15,6.93,4.84,2.7,0.67,-1.13,-3.03,-5.08,-6.42,-7.64,-8.66,-9.14,-9.27,-9.64,-10.46,-11.54,-11.78,-11.24,-9.68,-8.24,-5.34,0.73,5.71,9.57,15.96,17.07,16.75,15.18,12.63,11.11,10.41,10.08,12.12,21.94,31.3,29.18,26.59,23.87,20.09,16.54,14.07,13.79,9.19,5.47,1.03,-0.59,-1.24,-3.53,-4.77,-5.84,-6.97,-7.86,-8.97,-8.99,-8.91,-9.47,-8.68,-8.74,-11.32,-14.91,-14.73,-7.46,-1.01,-3.64,-1.74,-3.67,-2.91,-1.79,-0.89,0.2,0.17,-1.64
7.32,8.92,10.25,13.84,23.83,25.69,22.73,20.92,17.32,14.42,11.43,8.87,5.96,3.85,2.22,0.03,-2.03,-3.84,-5.72,-6.97,-7.51,-7.72,-7.94,-8.62,-9.68,-10.57,-11.15,-10.84,-9.6,-7.29,-4.33,-1.05,3.78,11.31,14.31,14.05,13.7,13.46,11.96,9.83,8.9,8.22,9.72,27.0,29.3,27.04,25.0,21.99,18.8,14.94,12.91,12.19,8.41,2.79,-0.83,0.08,-3.33,-4.4,-5.47,-6.0,-8.18,-8.81,-9.08,-8.23,-8.22,-7.63,-8.27,-11.09,-14.44,-15.47,-8.16,-0.06,1.21,-0.95,-0.87,-0.07,-0.61,0.6,0.92,-1.8,-3.27,1.51
6.64,7.17,7.49,8.03,12.8,23.82,28.0,26.09,22.85,18.99,15.5,11.39,9.49,5.32,2.92,1.48,-0.78,-2.87,-4.48,-5.65,-6.35,-6.82,-6.87,-7.7,-8.58,-9.34,-9.75,-9.56,-8.93,-7.33,-3.86,0.96,6.84,9.56,9.77,10.99,12.44,11.38,9.94,7.46,7.06,7.19,9.38,29.64,27.47,24.83,22.93,19.76,17.31,13.07,11.23,9.63,6.79,1.95,1.52,-1.85,-4.77,-5.02,-4.8,-8.08,-10.01,-9.42,-8.45,-7.88,-8.16,-7.59,-10.21,-13.63,-14.79,-9.3,-2.65,3.87,0.71,0.85,2.35,-1.04,2.22,-1.41,-1.02,0.9,-0.18,1.81
4.43,4.68,6.15,6.96,8.11,13.96,24.47,27.13,24.7,21.58,18.29,15.14,11.82,7.83,4.03,2.04,0.51,-1.82,-3.5,-4.58,-5.11,-5.85,-6.56,-7.24,-7.61,-8.01,-8.29,-8.01,-6.71,-4.16,-1.05,1.87,4.01,5.81,7.89,8.02,8.39,8.77,6.85,5.32,5.55,3.89,26.11,27.22,24.1,22.22,20.4,17.59,15.28,10.86,9.23,7.76,4.41,2.66,1.12,-3.47,-5.38,-5.52,-6.97,-10.52,-10.93,-9.93,-8.49,-7.23,-7.85,-9.41,-12.22,-12.83,-10.12,-7.14,0.18,6.53,3.13,1.12,4.61,0.96,0.43,2.61,2.06,0.99,2.01,0.27
3.35,4.4,4.73,4.55,5.58,8.43,18.21,27.82,25.96,23.06,20.01,17.39,13.29,9.7,5.52,2.36,0.3,-0.91,-2.37,-3.62,-4.55,-4.95,-5.63,-6.36,-6.97,-7.14,-6.98,-6.42,-5.07,-3.36,-1.2,1.1,2.72,3.3,4.58,5.82,6.8,6.19,4.33,4.18,4.72,10.5,24.97,23.41,20.84,19.72,18.01,14.95,12.56,8.68,7.63,6.19,2.79,2.23,-1.17,-4.22,-5.47,-6.2,-9.15,-11.23,-11.45,-10.62,-9.17,-8.34,-10.27,-11.62,-12.32,-9.44,-7.64,-2.06,3.76,5.33,4.0,-0.77,4.41,2.35,0.08,0.77,2.21,4.23,6.84,7.62
2.73,3.11,2.96,3.2,4.91,6.52,11.75,24.97,25.5,24.03,21.26,18.31,14.73,10.37,6.26,2.82,0.63,-0.69,-1.53,-2.43,-3.63,-4.79,-5.36,-5.2,-5.35,-5.86,-6.0,-5.65,-4.13,-2.43,-0.57,0.5,2.36,3.18,3.96,4.98,5.14,3.64,3.06,3.49,4.01,23.83,21.62,19.65,17.73,17.23,15.22,12.29,9.5,7.96,6.15,4.64,1.23,0.04,-2.59,-4.53,-6.04,-7.69,-10.12,-11.34,-11.81,-11.61,-10.12,-10.12,-11.9,-12.7,-10.73,-6.58,-2.4,0.24,2.0,5.63,5.9,2.36,1.68,-3.36,0.43,3.87,6.73,7.53,7.03,8.6
0.62,1.27,2.39,3.42,3.01,1.43,13.16,24.74,24.91,23.39,20.79,18.42,14.83,10.79,6.81,3.27,0.87,-0.51,-1.51,-2.31,-3.04,-3.73,-4.29,-4.91,-5.39,-5.49,-5.07,-4.33,-3.85,-3.03,-2.04,-1.16,0.08,1.22,2.49,3.06,2.42,1.86,1.95,1.12,20.59,18.65,17.91,16.66,15.05,14.99,13.0,10.15,7.87,6.21,4.46,2.96,0.03,-1.76,-3.45,-5.04,-6.65,-8.55,-10.6,-11.19,-12.15,-12.36,-11.28,-11.34,-12.72,-11.58,-8.67,-3.45,-0.25,2.29,4.64,5.96,4.71,3.06,1.39,1.17,2.08,2.48,4.15,4.63,4.98,7.02
0.28,1.58,2.48,5.2,9.98,13.75,19.27,24.17,26.31,24.13,20.28,17.84,14.53,10.87,6.98,4.05,1.62,-0.43,-1.78,-2.69,-3.66,-4.25,-4.65,-4.81,-4.91,-5.06,-5.24,-5.06,-4.98,-4.19,-2.94,-1.83,-0.62,0.19,0.58,0.54,0.09,0.14,-0.43,15.66,15.73,15.3,15.21,13.72,13.06,13.3,10.41,8.56,6.29,4.5,3.18,1.32,-0.8,-3.05,-4.16,-5.71,-7.03,-9.4,-10.96,-11.36,-12.13,-12.6,-12.26,-12.67,-13.74,-12.42,-7.85,-4.37,0.81,2.63,4.43,5.48,4.84,3.01,2.13,3.2,5.06,1.42,-0.78,2.25,1.04,0.1
3.95,6.41,6.68,8.93,11.17,14.37,18.49,24.64,25.34,22.85,18.9,16.4,13.78,10.55,7.35,4.94,2.84,0.48,-1.61,-2.77,-3.56,-4.3,-4.78,-5.24,-5.6,-5.75,-5.46,-4.86,-4.17,-3.58,-2.89,-2.67,-1.97,-1.16,-1.01,-1.33,-1.89,-1.08,11.62,13.25,13.12,12.8,12.84,11.75,11.25,11.19,8.21,6.98,4.86,3.23,2.0,0.19,-1.78,-3.73,-4.75,-6.06,-7.44,-9.7,-11.12,-11.43,-12.12,-12.89,-13.48,-14.22,-14.22,-14.29,-7.94,-1.86,0.89,2.69,5.53,4.22,4.48,3.63,3.1,3.21,0.45,-1.99,0.8,-0.97,1.33,5.15
7.22,7.91,8.46,9.38,11.18,13.37,15.38,19.52,20.69,18.79,16.81,14.5,12.38,10.03,7.59,5.09,3.04,0.72,-1.61,-2.96,-3.76,-4.3,-4.64,-4.8,-4.85,-4.8,-4.59,-4.41,-4.25,-3.95,-3.35,-3.07,-3.02,-2.66,-3.15,-3.68,-1.04,9.53,10.94,11.53,11.06,11.05,10.76,10.71,9.03,9.31,6.6,5.08,3.61,2.52,1.02,-0.75,-2.61,-4.21,-5.18,-6.29,-8.0,-9.82,-11.34,-11.64,-12.3,-13.16,-13.92,-16.06,-12.85,-14.67,-7.83,-2.42,0.23,1.55,3.8,5.91,4.85,4.12,5.47,5.24,2.0,1.07,2.05,2.33,1.8,3.3
4.09,5.42,7.09,7.5,8.81,10.29,10.54,13.6,14.51,14.44,13.72,12.51,11.0,9.22,7.04,5.05,2.96,0.52,-1.56,-2.8,-3.59,-4.12,-4.48,-4.58,-4.54,-4.45,-4.4,-4.34,-4.19,-3.94,-4.08,-4.17,-3.98,-4.13,-4.07,0.12,7.19,8.52,9.92,9.42,9.75,9.92,8.98,9.46,7.34,7.56,5.58,3.7,2.95,1.74,0.2,-1.35,-2.97,-4.52,-5.43,-6.41,-7.91,-9.83,-11.21,-11.86,-12.21,-13.45,-14.48,-17.57,-9.95,-12.23,-7.81,-3.03,-0.43,1.59,4.15,6.22,6.89,5.81,5.36,6.31,2.75,2.93,2.14,3.12,2.24,0.16
5.65,5.8,6.93,7.21,7.43,6.78,6.34,11.45,11.35,11.98,11.87,11.45,9.81,7.96,6.16,4.38,2.63,0.75,-1.24,-2.39,-3.04,-3.59,-4.0,-4.25,-4.38,-4.44,-4.59,-4.69,-4.87,-5.1,-4.79,-4.91,-5.06,-2.68,2.86,5.17,6.36,8.52,7.13,8.21,7.97,7.81,8.08,7.08,6.06,5.86,4.6,3.43,2.44,1.01,-0.69,-2.27,-3.45,-4.68,-5.62,-6.57,-7.51,-9.52,-10.92,-11.64,-11.59,-12.67,-13.97,-15.59,-10.69,-12.78,-4.11,-2.17,0.48,1.42,2.82,5.39,6.71,6.63,5.5,4.7,5.35,2.9,3.06,2.58,2.69,2.65
4.38,5.16,5.74,6.12,6.22,4.89,6.04,9.97,9.92,10.3,10.44,9.9,8.57,7.0,5.16,3.64,1.94,0.38,-1.08,-2.44,-3.18,-3.66,-4.13,-4.54,-4.99,-5.26,-5.42,-5.56,-5.72,-5.84,-5.53,-3.51,-0.62,3.96,3.73,5.34,7.08,5.35,5.05,7.68,6.5,5.94,6.87,5.77,5.56,4.86,3.46,2.99,1.86,0.27,-1.41,-2.72,-3.75,-4.72,-5.73,-6.58,-7.89,-9.15,-10.76,-11.52,-11.79,-12.03,-12.52,-13.35,-13.49,-10.23,-5.5,-0.99,-0.98,-0.13,2.63,4.05,5.11,6.58,5.6,5.4,4.72,5.22,3.43,2.2,2.9,0.63
3.73,4.81,5.3,5.04,4.21,3.96,5.83,8.26,7.78,8.72,8.58,8.25,7.34,6.03,4.39,2.89,1.5,0.04,-1.19,-2.43,-3.23,-3.92,-4.39,-4.92,-5.47,-5.9,-6.15,-6.28,-6.14,-4.07,-1.18,1.71,1.9,2.91,4.2,5.38,4.18,2.64,5.17,5.76,4.35,5.07,5.31,5.36,4.84,4.22,3.05,2.04,0.97,-0.21,-1.86,-3.4,-4.24,-4.98,-5.77,-6.58,-8.0,-9.56,-10.14,-11.15,-11.79,-11.83,-11.97,-11.49,-10.96,-9.01,-6.74,-5.41,-2.99,-0.11,3.11,3.54,3.96,5.81,5.33,6.52,4.65,4.86,4.36,3.58,2.11,3.05
3.92,4.25,3.77,4.43,3.21,2.56,3.07,5.96,5.69,6.92,6.11,5.86,5.7,4.73,3.81,2.52,1.23,0.06,-0.89,-2.02,-3.04,-3.94,-4.6,-5.08,-5.24,-5.19,-5.24,-4.25,-2.42,0.12,0.3,0.92,1.71,2.65,3.41,2.45,1.89,1.86,2.92,3.25,3.26,3.65,4.72,4.71,4.26,3.08,2.62,1.68,0.64,-0.7,-2.24,-3.65,-4.56,-5.09,-5.95,-6.77,-8.14,-9.35,-10.08,-10.6,-11.28,-11.6,-11.29,-10.85,-10.58,-9.08,-7.96,-8.43,-5.81,3.46,5.83,3.89,4.56,5.25,6.45,6.15,3.42,3.34,4.17,2.1,2.2,1.51
3.65,3.21,3.47,4.12,4.9,1.85,0.62,2.79,3.57,4.35,3.62,2.91,3.25,3.26,3.84,2.99,1.52,0.34,-0.87,-1.5,-2.36,-3.21,-3.6,-4.0,-4.32,-3.4,-2.22,-0.55,-1.51,-1.34,0.52,0.56,1.3,1.21,-0.26,0.13,2.59,1.12,2.06,3.63,3.1,2.93,3.15,3.31,4.12,2.8,1.72,1.3,0.42,-0.92,-2.32,-3.62,-4.66,-5.44,-6.22,-7.09,-8.31,-9.24,-9.97,-10.48,-10.85,-11.02,-11.0,-10.15,-9.62,-9.68,-9.15,-7.84,-5.23,0.34,7.3,7.44,5.33,4.66,5.15,5.14,3.16,3.07,2.36,2.02,0.46,-0.32
2.87,2.94,2.65,2.35,2.63,1.73,1.36,2.61,2.49,3.89,3.26,2.94,1.74,1.86,2.86,2.57,1.28,0.91,-0.75,-1.61,-2.88,-3.21,-2.66,-2.24,-1.86,0.0,-1.33,-2.37,-2.12,-0.22,-0.5,-0.21,-0.51,-1.27,-2.5,0.24,3.62,0.74,1.54,3.31,4.13,3.09,2.22,2.16,2.08,1.99,1.53,0.49,-0.04,-1.02,-2.13,-3.44,-4.67,-5.58,-6.45,-7.12,-8.23,-9.25,-9.86,-10.36,-10.56,-10.57,-9.84,-9.3,-9.18,-8.96,-8.05,-6.49,-3.69,1.57,8.03,5.64,4.01,4.14,4.23,3.65,3.55,2.65,1.08,-0.85,-0.21,-0.46
3.48,3.44,2.97,2.36,1.79,2.31,2.33,2.37,2.73,2.87,3.0,2.05,2.14,2.36,3.05,2.38,1.85,1.16,0.32,-1.38,-2.16,0.6,0.49,-0.68,-2.1,-2.44,-3.04,-2.17,-0.95,-0.9,-1.38,-2.09,-1.44,-2.94,-1.47,1.24,4.09,1.32,1.79,2.37,3.39,3.32,2.67,1.77,1.35,0.99,0.48,0.14,-1.02,-1.85,-2.58,-3.57,-4.7,-5.5,-6.36,-7.22,-8.1,-8.85,-9.62,-10.03,-10.06,-9.83,-9.35,-8.96,-8.63,-8.09,-7.26,-5.78,-1.75,6.13,5.25,3.49,3.71,3.84,2.8,2.58,2.47,1.29,-0.12,-1.63,-1.53,-1.27
3.34,3.5,3.28,2.57,1.98,1.94,2.32,2.46,2.52,2.65,2.85,2.53,2.36,2.21,1.97,1.52,0.72,-0.04,-0.42,0.11,0.1,-0.49,-0.65,-1.35,-1.75,-2.77,-1.85,-0.8,-0.1,-2.26,-3.43,-2.33,-2.14,-2.52,-0.04,0.67,1.2,1.01,2.38,3.14,2.47,1.9,1.5,1.34,0.57,0.04,0.02,-1.08,-1.78,-2.54,-3.54,-4.54,-5.41,-5.87,-6.5,-7.32,-8.17,-8.78,-9.49,-9.69,-9.97,-9.72,-9.29,-9.04,-8.61,-7.64,-7.7,-1.38,3.14,3.2,2.8,2.51,2.92,2.25,1.91,1.42,1.18,0.8,0.48,-0.77,-1.15,-0.72
3.68,3.82,3.28,2.61,2.19,2.27,2.48,2.3,2.14,2.12,2.32,2.07,1.77,1.43,1.18,0.68,0.48,-0.05,-0.8,-0.93,-0.78,-0.9,-1.67,-2.28,-3.0,-2.69,-1.78,-0.76,-2.76,-3.49,-3.5,-3.04,-2.01,-1.37,0.1,0.63,-0.1,0.68,2.05,2.82,2.64,2.35,1.31,0.1,-0.3,-1.54,-1.42,-1.3,-1.63,-2.03,-3.15,-4.26,-4.89,-5.77,-6.77,-7.43,-7.85,-8.43,-9.27,-9.59,-9.69,-9.55,-9.23,-8.83,-8.75,-8.0,-0.68,0.32,1.16,1.38,1.82,1.91,1.6,1.49,0.94,0.33,0.49,0.97,0.58,-0.04,-0.89,-0.37
3.55,3.17,2.52,1.72,1.58,1.66,2.05,1.75,1.67,1.91,1.82,1.57,1.38,0.68,0.16,-0.12,-0.71,-1.66,-1.87,-1.33,-1.85,-2.8,-3.14,-2.95,-2.71,-2.41,-1.28,-2.49,-2.33,-2.73,-3.94,-3.54,-1.63,-1.35,-0.85,-0.79,1.85,1.91,1.92,2.98,3.5,2.84,1.18,0.02,-1.15,-2.36,-2.88,-3.19,-3.34,-3.91,-4.49,-4.83,-5.19,-6.09,-6.88,-7.59,-8.21,-8.67,-9.17,-9.33,-9.11,-9.17,-9.42,-8.97,-3.97,-2.61,-1.68,-0.89,-0.17,0.53,0.72,0.71,1.07,1.07,0.57,0.43,1.58,1.02,0.0,-0.72,-1.12,-1.78
2.62,2.48,1.89,1.97,1.9,1.67,1.25,1.34,1.69,1.65,1.19,0.99,0.92,0.53,0.13,-0.65,-1.31,-0.79,-1.38,-2.11,-2.68,-4.0,-3.49,-2.89,-3.71,-3.4,-3.24,-3.06,-2.87,-3.61,-3.46,-2.59,-2.25,-2.47,-3.16,-1.8,0.46,-0.33,1.33,2.72,4.43,2.78,1.46,-0.47,-1.98,-2.56,-3.13,-4.07,-4.02,-4.74,-4.96,-5.17,-5.48,-6.03,-6.95,-7.85,-8.58,-8.99,-9.19,-9.06,-7.69,-5.84,-4.84,-4.17,-3.65,-2.92,-2.27,-1.63,-0.99,-0.64,-0.54,0.4,0.54,0.6,0.55,1.99,2.21,1.48,0.29,-0.96,-2.12,-2.51
1.45,1.16,1.24,1.24,1.5,1.43,1.05,1.08,1.24,1.11,0.83,0.62,0.13,-0.23,-0.46,-0.52,-1.82,-2.42,-3.17,-3.58,-3.64,-3.46,-4.11,-4.19,-3.41,-3.77,-3.13,-2.75,-3.22,-4.14,-3.15,-1.5,-2.03,-2.47,-2.57,-2.57,-1.88,-3.57,-3.22,-0.32,3.86,3.46,0.5,-1.7,-2.76,-3.48,-3.57,-3.81,-3.61,-2.67,-2.65,-3.55,-3.8,-4.62,-5.57,-5.87,-6.14,-6.23,-6.05,-5.65,-5.2,-4.65,-4.07,-3.7,-3.45,-3.12,-2.61,-2.22,-1.33,-1.05,-0.26,0.28,0.2,0.51,0.49,1.28,1.41,0.81,-0.26,-1.29,-2.23,-2.71
1.26,1.32,0.9,0.72,1.18,0.95,0.75,0.8,0.76,0.6,0.16,-0.01,-0.41,-1.05,-1.62,-1.89,-2.01,-2.46,-2.89,-3.18,-3.28,-3.35,-3.34,-3.47,-3.57,-3.57,-3.21,-2.31,-2.28,-2.84,-2.33,-1.7,-1.29,-1.61,-2.25,-1.78,-0.64,-2.62,-5.57,-2.13,-0.5,2.85,-0.82,-1.44,-0.86,-0.44,-0.93,-1.59,-1.82,-2.35,-2.85,-3.03,-3.37,-3.75,-4.45,-4.87,-5.25,-5.2,-4.97,-4.61,-4.3,-4.07,-3.91,-3.98,-4.01,-4.16,-1.95,-1.28,-2.14,-0.56,-1.1,-0.59,-0.53,-1.42,-0.82,-0.25,-0.35,-0.33,-0.78,-1.68,-2.38,-2.46
1.18,0.14,-1.15,-0.69,-0.52,-0.3,0.07,-0.04,-0.32,-0.58,-0.83,-1.09,-1.12,-1.27,-1.76,-1.87,-2.1,-2.21,-2.24,-2.49,-2.78,-2.73,-2.98,-3.17,-3.7,-3.21,-2.61,-2.6,-2.43,-2.51,-1.83,-0.51,-1.63,-2.64,-2.07,-0.45,-0.42,-1.79,-1.36,0.97,1.19,-2.76,-1.51,-1.5,-1.53,-1.61,-1.88,-2.29,-2.72,-2.91,-3.08,-3.15,-3.32,-3.56,-3.94,-4.27,-4.6,-4.83,-4.88,-4.8,-4.84,-4.87,-4.73,-4.72,-5.12,-2.97,-1.76,-2.06,-1.77,-1.68,-1.54,-1.16,-2.65,-1.62,-1.13,-0.83,-0.68,-0.99,-1.32,-1.24,-1.18,-1.66
