data/2016040900_850.json
{"header": { "discipline":0, "disciplineName":"Meteorological products", "gribEdition":2, "gribLength":79539, "center":7, "centerName":"US National Weather Service - NCEP(WMC)", "subcenter":0, "refTime":"2016-04-09T00:00:00.000Z", "significanceOfRT":1, "significanceOfRTName":"Start of forecast", "productStatus":0, "productStatusName":"Operational products", "productType":1, "productTypeName":"Forecast products", "productDefinitionTemplate":0, "productDefinitionTemplateName":"Analysis/forecast at horizontal level/layer at a point in time", "parameterCategory":2, "parameterCategoryName":"Momentum", "parameterNumber":3, "parameterNumberName":"V-component_of_wind", "parameterUnit":"m.s-1", "genProcessType":2, "genProcessTypeName":"Forecast", "forecastTime":0, "surface1Type":100, "surface1TypeName":"Isobaric surface", "surface1Value":85000.0, "surface2Type":255, "surface2TypeName":"Missing", "surface2Value":0.0, "gridDefinitionTemplate":0, "gridDefinitionTemplateName":"Latitude_Longitude", "numberPoints":65160, "shape":6, "shapeName":"Earth spherical with radius of 6,371,229.0 m", "gridUnits":"degrees", "resolution":48, "winds":"true", "scanMode":0, "nx":360, "ny":181, "basicAngle":0, "subDivisions":0, "lo1":0.0, "la1":90.0, "lo2":359.0, "la2":-90.0, "dx":1.0, "dy":1.0 }, "data":
[rows 144 to 179 of 181, columns 82 to 163 of 360]
-24.18,-22.2,-19.81,-17.39,-14.62,-12.45,-11.46,-11.36,-11.65,-10.51,-8.42,-6.22,-3.74,-1.5,0.66,2.77,3.62,3.9,4.0,3.79,4.5,4.89,5.98,7.73,8.58,8.96,7.71,7.84,8.96,10.09,10.23,10.27,10.76,10.83,10.44,9.55,8.67,7.97,6.95,5.94,4.83,3.44,2.31,1.9,1.73,2.46,3.05,3.2,3.06,2.94,3.0,2.81,2.65,2.6,2.28,1.34,0.65,-0.15,-1.09,-2.85,-3.86,-4.16,-4.49,-6.12,-7.55,-9.39,-11.16,-12.82,-14.3,-20.15,-18.71,-17.4,-15.51,-16.24,-20.0,-17.84,-16.31,-15.24,-14.16,-12.84,-11.5,-10.21
-14.94,-15.61,-14.86,-13.56,-13.16,-12.74,-11.16,-9.78,-8.86,-7.82,-6.32,-3.95,-1.92,-0.57,-0.05,-0.33,-0.2,0.45,1.17,2.98,5.22,6.27,6.51,7.71,8.01,6.71,8.27,8.38,9.96,10.03,10.07,10.17,10.42,10.43,10.14,9.65,8.58,7.43,6.31,5.26,4.1,3.15,1.39,1.02,1.64,2.65,3.58,3.98,4.06,3.59,2.92,2.48,2.22,2.15,2.89,2.86,1.15,-0.64,-2.08,-3.3,-4.0,-5.17,-5.8,-5.96,-7.09,-8.83,-11.23,-12.82,-13.75,-15.01,-17.2,-17.99,-16.15,-16.42,-17.2,-20.6,-18.04,-17.46,-16.61,-15.03,-13.34,-11.7
-7.81,-8.43,-11.33,-12.53,-12.12,-10.9,-9.87,-9.29,-9.06,-8.17,-7.03,-5.94,-4.88,-4.03,-2.6,-0.27,2.28,3.63,3.96,4.49,5.63,6.71,7.2,6.74,7.32,8.08,9.17,9.49,9.74,9.71,9.65,9.72,9.87,9.85,9.74,9.22,8.13,7.16,5.86,4.38,2.88,1.45,0.74,1.05,2.53,3.63,4.49,4.94,5.0,4.51,4.03,3.4,2.91,3.0,2.77,2.47,1.31,-0.52,-1.7,-3.01,-4.54,-5.43,-6.58,-7.9,-8.77,-10.05,-11.83,-13.67,-14.23,-14.97,-16.08,-17.32,-16.81,-16.34,-17.42,-20.15,-22.51,-20.72,-18.77,-16.71,-14.6,-12.49
-7.85,-7.78,-7.35,-7.72,-9.15,-9.92,-10.82,-11.14,-10.56,-8.92,-6.5,-3.58,-1.18,0.29,1.08,1.69,2.47,3.54,4.81,5.79,6.16,7.13,8.11,8.43,8.87,9.28,9.52,9.77,9.9,9.85,9.4,9.37,10.13,9.99,9.08,8.28,7.42,6.4,4.95,3.07,1.12,0.24,0.07,0.18,1.44,2.95,4.15,4.98,5.15,4.74,4.08,3.72,3.56,3.22,2.53,1.98,0.42,-0.7,-0.83,-0.26,-1.0,-3.72,-8.63,-11.81,-12.73,-13.31,-14.16,-15.17,-16.24,-16.2,-16.44,-17.44,-19.48,-19.24,-19.07,-19.83,-21.66,-22.28,-19.61,-17.73,-15.63,-13.56
-10.91,-9.87,-9.02,-8.01,-7.23,-6.47,-5.63,-4.59,-3.59,-2.76,-1.98,-1.05,0.06,1.22,2.18,2.96,3.69,4.53,5.42,6.22,7.36,8.44,9.61,9.6,9.58,9.88,10.01,10.48,10.93,10.92,10.07,9.16,8.8,8.59,8.26,7.7,7.3,6.51,4.81,2.57,0.51,-0.74,-1.05,-0.49,0.62,1.92,3.32,4.69,5.08,4.7,4.61,4.75,4.46,3.77,1.74,-0.36,-0.38,0.21,3.19,7.79,4.47,5.92,-11.1,-18.84,-17.56,-17.28,-16.8,-16.67,-17.14,-18.19,-19.05,-19.33,-18.99,-19.33,-21.19,-23.31,-23.19,-21.93,-18.9,-17.01,-15.21,-13.53
-3.34,-2.87,-2.41,-2.05,-1.83,-1.75,-1.69,-1.41,-0.78,0.04,0.87,1.63,2.23,2.74,3.45,3.31,3.69,5.47,6.74,8.13,9.06,9.13,9.92,11.42,11.52,10.27,9.21,8.94,9.07,9.62,9.86,9.67,8.9,8.52,8.29,7.67,7.04,6.18,5.21,4.41,3.33,1.97,0.85,0.31,0.59,1.13,1.86,2.61,3.02,3.67,4.59,4.98,4.05,-0.14,-2.85,-2.77,-0.49,1.78,5.61,9.02,8.65,9.4,-4.97,-17.01,-13.92,-16.68,-18.12,-18.73,-19.23,-19.54,-22.89,-22.81,-19.62,-18.17,-18.56,-19.35,-18.96,-17.9,-16.43,-15.05,-13.78,-12.48
-2.52,-2.14,-1.75,-1.23,-0.6,-0.03,0.45,0.93,1.52,2.1,2.65,3.03,3.29,3.41,3.55,4.02,4.65,5.56,6.81,7.67,9.44,10.93,9.64,8.5,9.01,9.2,9.56,9.9,9.91,9.87,9.61,9.12,8.64,8.16,7.7,7.14,6.57,5.91,5.27,4.37,3.18,2.4,1.58,0.75,0.01,-0.32,-0.19,0.11,0.42,1.36,2.53,3.82,-2.11,-5.32,-3.58,-1.42,1.27,3.15,3.99,5.33,4.76,4.59,2.39,-2.54,-10.43,-15.81,-16.9,-16.57,-16.69,-16.04,-15.51,-16.14,-16.87,-17.46,-17.84,-18.14,-17.87,-17.41,-16.48,-15.03,-13.57,-12.23
-2.34,-0.94,0.03,0.66,1.24,1.87,2.4,2.74,2.83,2.83,2.66,2.41,2.3,2.2,2.9,3.54,4.72,6.5,8.39,9.82,8.78,8.32,8.9,9.51,9.16,9.25,9.03,8.98,9.18,9.21,9.19,9.12,8.91,8.47,7.87,7.05,6.11,5.18,4.32,3.5,2.8,2.02,1.06,-0.03,-1.1,-2.06,-2.86,-3.1,-2.39,-1.8,0.72,-5.61,-8.32,-5.44,-2.93,-0.24,1.93,3.05,2.91,2.04,0.75,-1.45,-2.65,-4.68,-7.26,-8.16,-10.47,-11.54,-11.98,-12.89,-13.87,-14.51,-15.43,-16.15,-16.66,-17.28,-17.42,-17.02,-16.11,-14.33,-12.25,-10.43
-0.55,0.7,1.63,2.61,3.31,3.65,3.95,3.97,3.81,3.93,4.26,4.41,4.68,5.03,5.34,5.63,5.97,6.32,7.1,8.84,11.2,12.27,11.5,9.34,8.63,8.81,9.24,9.57,9.79,9.97,10.25,10.46,10.36,9.71,8.56,7.02,5.45,4.03,2.61,2.04,2.22,1.92,0.97,-0.48,-1.75,-1.65,-0.81,-2.78,-5.2,-2.73,-7.36,-11.56,-8.12,-5.9,-2.45,1.42,3.77,4.36,3.72,2.54,1.02,-1.65,-4.66,-6.86,-8.22,-9.33,-9.83,-10.78,-11.49,-11.85,-12.35,-12.97,-13.54,-14.19,-14.93,-15.55,-15.81,-15.47,-14.37,-12.61,-10.53,-8.72
0.82,2.72,4.43,4.81,4.9,5.44,5.8,5.91,5.69,5.19,4.92,4.96,4.94,4.59,3.91,4.1,5.85,8.25,9.95,9.71,7.9,7.32,8.55,9.88,10.13,10.22,10.48,10.35,10.87,11.47,11.65,11.73,11.66,11.08,9.66,7.59,5.41,3.55,2.69,2.17,1.11,-0.07,-0.9,-0.98,-1.87,-0.33,-2.54,-8.35,-6.22,-9.7,-14.31,-11.03,-7.94,-4.45,-1.1,2.74,4.37,4.26,3.59,2.04,-0.04,-1.57,-3.74,-6.51,-8.82,-10.22,-10.87,-11.4,-12.27,-13.04,-13.32,-13.42,-13.54,-13.69,-13.7,-13.55,-13.21,-12.54,-11.49,-10.14,-8.65,-7.21
3.04,4.04,4.72,4.9,5.34,5.31,4.59,4.47,4.52,3.89,3.33,3.35,4.25,6.04,7.73,8.46,8.22,6.48,4.45,4.4,5.93,7.57,8.86,9.57,10.62,12.22,12.22,10.9,10.54,11.71,12.3,13.5,14.38,12.57,9.03,5.19,2.85,2.17,1.83,2.48,0.85,0.42,-0.3,-1.84,1.92,-1.46,-10.87,-6.64,-12.94,-15.46,-12.48,-9.44,-5.82,-1.81,1.52,4.34,5.03,4.86,3.13,0.82,-1.32,-3.39,-5.22,-6.09,-6.9,-8.24,-9.27,-10.07,-10.81,-11.2,-11.3,-11.17,-11.09,-11.08,-11.04,-10.86,-10.39,-9.59,-8.52,-7.42,-6.31,-5.53
2.29,2.61,2.48,2.52,3.1,3.77,4.45,5.0,5.29,5.58,6.12,6.64,6.74,5.47,4.42,4.89,4.4,3.13,2.45,2.82,5.51,8.85,10.34,10.96,12.1,11.33,9.28,9.12,10.5,8.02,8.49,10.95,12.26,13.75,9.71,4.93,1.63,1.01,2.43,0.8,-1.53,0.16,1.73,0.71,-2.12,-3.88,-6.3,-12.01,-13.09,-13.04,-11.68,-8.67,-6.58,-4.52,-3.47,-2.52,1.32,3.56,4.05,2.7,-2.21,-6.45,-8.05,-7.15,-5.95,-5.32,-4.73,-4.59,-5.28,-6.41,-7.47,-8.21,-8.61,-8.67,-8.51,-8.39,-8.08,-7.54,-6.75,-5.84,-4.93,-4.23
1.76,1.91,2.35,2.92,3.32,3.53,3.7,3.85,4.07,4.02,3.68,2.32,0.63,1.06,1.92,2.55,6.57,4.28,1.49,3.73,3.93,3.51,2.73,3.07,6.12,8.19,8.18,6.95,6.88,1.93,4.16,15.42,11.66,9.61,10.38,8.27,3.43,-0.44,-3.2,-3.86,-3.55,-4.62,-5.95,-3.7,-0.81,-3.78,-10.32,-12.73,-10.84,-6.55,-5.11,-2.67,0.53,-1.57,-0.49,0.58,2.31,3.29,4.27,4.38,3.36,2.09,0.74,-0.59,-1.87,-2.91,-3.75,-4.33,-4.71,-5.03,-5.25,-5.28,-5.11,-4.87,-4.87,-5.34,-5.84,-6.15,-6.06,-5.33,-4.1,-4.1
0.38,0.95,1.48,1.65,1.81,1.76,0.62,-0.5,-1.31,2.25,4.5,6.25,0.79,6.31,8.2,7.33,11.09,17.36,8.39,8.68,7.94,7.91,10.61,11.94,12.73,15.07,22.12,9.78,8.57,7.93,9.71,4.14,8.13,5.14,1.5,0.33,-0.06,-1.77,-3.36,-4.79,-5.75,1.85,7.45,9.41,6.76,-0.04,-3.01,-3.47,-7.69,-0.24,0.43,2.52,3.57,3.36,4.46,4.9,6.06,7.56,11.69,13.31,8.46,1.07,2.34,4.03,3.97,1.27,-0.97,-1.79,-2.36,-3.37,-4.39,-4.45,-3.13,-1.43,-0.72,-0.99,-1.55,-1.75,-2.35,-3.22,-4.1,-3.7
-2.77,-0.62,2.61,2.99,4.16,3.99,3.17,2.97,2.63,2.87,3.71,5.19,6.06,5.87,6.51,9.63,10.52,10.92,8.69,7.13,6.81,8.27,9.54,10.66,11.48,12.31,12.67,13.11,13.22,13.3,12.68,11.8,10.8,9.79,8.63,8.24,8.14,6.81,5.11,3.92,3.6,3.21,3.65,5.23,6.29,6.31,5.98,5.91,4.96,2.6,1.24,2.55,4.08,4.24,3.75,5.18,6.6,7.63,8.43,9.17,9.5,22.16,9.66,17.34,21.39,6.14,3.04,2.64,2.14,-1.46,-5.24,-4.72,-1.58,0.93,2.4,2.66,2.16,1.52,0.9,-0.26,-1.49,-2.59
-0.1,0.84,1.14,0.68,0.22,1.4,1.83,1.98,2.34,2.61,3.23,4.14,5.1,5.84,6.91,8.28,8.7,9.24,9.04,7.23,6.22,6.14,7.05,8.0,9.72,10.63,10.43,10.29,10.44,10.71,10.71,9.98,9.34,8.61,7.95,7.39,6.86,6.11,5.0,3.74,2.89,2.59,2.79,3.35,3.99,4.25,4.73,4.92,4.69,4.2,3.72,3.46,5.09,6.02,5.12,5.07,6.53,8.71,10.57,12.19,14.04,16.91,17.87,17.53,17.83,16.25,14.68,12.81,11.79,9.01,-2.47,-5.88,-4.46,-2.53,-0.87,2.02,4.7,3.75,0.28,-1.28,-2.53,-3.3
-1.36,-1.15,-0.45,0.09,0.36,0.65,0.97,1.11,1.36,1.67,2.31,3.08,3.83,4.77,5.54,6.12,6.85,7.64,7.82,7.69,7.46,7.33,7.73,8.49,9.76,10.99,10.98,10.69,10.37,9.85,9.5,9.13,8.22,7.1,6.38,5.89,5.16,4.37,3.95,3.68,3.25,2.7,2.36,2.32,2.8,3.67,3.84,3.09,3.27,3.97,4.17,4.75,5.47,6.2,6.12,6.04,6.66,7.64,8.31,9.12,10.39,11.54,12.58,13.5,13.36,12.96,12.61,12.08,11.23,10.52,9.53,4.9,-0.71,-2.68,-1.2,-0.15,-2.54,-1.26,3.66,5.82,4.73,2.1
-2.24,-1.82,-1.39,-0.81,-0.29,0.22,0.65,0.84,0.78,0.96,1.11,1.66,2.77,4.03,4.96,5.48,5.89,6.66,7.25,7.37,7.36,7.31,7.15,7.34,8.02,8.42,8.48,8.27,7.63,7.13,6.96,6.9,6.71,6.2,5.53,4.86,4.19,3.44,2.77,2.14,1.64,1.38,1.39,1.59,1.93,2.57,3.38,3.92,4.17,4.23,4.65,5.26,5.75,5.9,5.97,6.09,6.23,6.34,6.37,6.41,6.59,7.59,8.32,8.69,9.06,9.49,9.73,9.43,8.79,8.08,7.1,5.89,4.59,2.41,-2.02,-4.64,-4.19,-3.55,-0.07,7.2,-1.61,-2.94
-3.56,-3.17,-2.82,-2.6,-2.13,-1.43,-0.93,-0.51,-0.11,0.48,1.32,1.94,2.34,3.11,4.1,4.72,5.25,5.79,6.19,6.48,6.66,6.73,6.75,6.76,6.83,6.95,7.02,6.82,6.52,6.09,5.65,5.24,5.11,5.01,4.6,4.2,3.76,3.2,2.69,2.26,2.01,1.91,1.92,2.29,2.74,3.17,3.71,4.3,5.01,5.63,5.98,6.08,5.97,5.91,5.75,5.7,5.75,5.78,5.98,6.32,6.75,6.96,7.06,7.33,7.46,7.32,7.08,6.81,6.53,6.22,5.61,5.05,4.51,3.75,2.5,0.27,-1.17,-0.07,2.37,2.98,7.19,4.84
-3.67,-3.64,-3.47,-3.18,-3.05,-2.81,-2.49,-2.03,-1.37,-0.76,-0.14,0.75,1.72,2.57,3.45,4.26,4.9,5.43,5.86,6.15,6.37,6.51,6.6,6.63,6.62,6.62,6.37,6.16,6.14,5.9,5.47,4.98,4.41,4.03,3.87,3.73,3.39,3.05,2.73,2.41,2.25,2.27,2.47,2.88,3.39,3.81,4.12,4.49,4.8,4.91,4.89,5.04,5.28,5.33,5.49,5.82,5.99,5.96,5.88,5.91,6.01,6.1,6.26,6.42,6.49,6.45,6.4,6.3,6.02,5.48,5.0,4.71,4.46,4.13,3.47,2.56,1.63,1.46,3.34,4.82,3.17,-3.37
-5.0,-4.6,-4.14,-4.03,-3.95,-3.79,-3.56,-3.3,-3.04,-2.77,-2.44,-1.76,-0.59,0.83,2.31,3.6,4.54,5.18,5.63,5.98,6.23,6.39,6.37,6.24,6.13,6.0,5.85,5.66,5.43,5.25,4.96,4.58,4.19,3.84,3.56,3.32,3.13,3.08,2.96,2.83,2.91,3.22,3.64,4.07,4.42,4.55,4.57,4.53,4.55,4.54,4.5,4.63,4.9,5.44,5.55,5.38,5.36,5.55,5.9,5.97,5.79,5.79,5.87,5.91,5.88,5.86,5.86,5.84,5.68,5.33,4.74,4.0,3.16,2.08,0.73,-0.49,-1.43,-1.87,-1.86,-3.51,-6.05,-2.85
-5.23,-5.18,-5.13,-5.0,-4.87,-4.69,-4.55,-4.44,-4.33,-4.21,-3.95,-3.43,-2.55,-1.29,0.36,2.31,3.92,4.74,5.16,5.5,5.76,5.94,6.05,6.01,5.87,5.69,5.51,5.34,5.17,4.94,4.67,4.4,4.15,3.94,3.83,3.77,3.72,3.76,3.93,4.24,4.67,5.08,5.33,5.43,5.44,5.36,5.22,5.05,4.86,4.72,4.59,4.37,4.24,4.45,4.89,5.09,4.81,4.66,4.65,4.65,4.62,4.57,4.6,4.53,4.51,4.49,4.48,4.56,4.64,4.63,4.51,4.61,4.74,4.48,4.09,3.32,1.67,-0.13,-1.92,-5.56,-5.68,3.53
-4.88,-4.89,-4.93,-4.95,-4.91,-4.81,-4.73,-4.64,-4.54,-4.35,-4.01,-3.51,-2.86,-2.16,-0.95,1.18,3.28,4.31,4.64,4.78,4.97,5.23,5.41,5.41,5.3,5.19,5.13,5.1,4.99,4.91,4.85,4.81,4.79,4.83,4.88,4.94,4.93,4.86,4.71,4.55,4.38,4.18,4.04,4.0,4.07,4.22,4.53,4.89,5.16,5.35,5.47,5.49,5.38,5.08,4.86,4.78,4.7,4.62,4.6,4.49,4.4,4.32,4.2,4.17,4.13,4.07,4.11,4.33,4.77,5.17,5.54,6.14,6.9,7.35,7.3,6.39,4.96,3.63,3.19,1.53,6.58,10.06
-3.48,-3.63,-3.74,-3.85,-3.96,-4.03,-4.1,-4.04,-3.84,-3.68,-3.49,-3.18,-2.53,-1.21,0.65,2.34,3.31,3.69,3.92,4.06,4.08,4.02,4.04,4.22,4.42,4.6,4.67,4.72,4.78,4.79,4.78,4.76,4.71,4.66,4.6,4.5,4.45,4.43,4.37,4.28,4.19,4.07,3.96,3.93,4.14,4.39,4.72,4.92,5.02,5.06,5.12,4.99,4.89,4.94,4.81,4.69,4.64,4.54,4.41,4.33,4.21,3.97,3.74,3.62,3.62,3.61,3.64,3.68,3.74,3.87,4.12,4.49,4.91,5.32,5.69,5.89,5.09,3.83,2.6,1.56,3.64,6.2
2.85,2.29,1.83,1.44,1.2,1.05,0.77,0.33,-0.05,-0.21,-0.2,0.15,0.91,1.86,2.7,3.29,3.62,3.76,3.77,3.79,3.86,3.87,3.78,3.68,3.63,3.6,3.62,3.69,3.76,3.82,3.87,3.9,3.89,3.9,3.96,4.03,4.12,4.19,4.25,4.36,4.51,4.54,4.53,4.58,4.8,4.96,5.33,5.64,5.87,6.14,6.31,6.23,5.88,5.45,5.15,5.0,4.87,4.75,4.68,4.67,4.54,4.36,4.24,4.14,3.98,3.75,3.55,3.34,3.21,3.17,2.89,2.21,1.2,-0.27,-2.16,-3.27,-2.15,-0.62,0.34,1.41,2.04,1.66
4.97,4.56,4.19,3.8,3.46,3.24,3.16,3.15,3.22,3.4,3.67,3.92,4.12,4.23,4.25,4.18,4.11,4.07,3.96,3.81,3.71,3.65,3.55,3.44,3.33,3.19,3.13,3.17,3.3,3.44,3.53,3.61,3.73,3.9,4.02,4.07,4.13,4.2,4.22,4.22,4.23,4.29,4.37,4.47,4.49,4.77,5.06,5.28,5.59,5.9,6.03,5.97,5.79,5.61,5.46,5.33,5.2,5.1,4.95,4.84,4.68,4.49,4.37,4.29,4.14,3.94,3.7,3.63,3.71,3.83,3.93,4.35,5.18,5.58,3.74,2.13,0.07,-2.56,0.6,0.59,1.37,0.59
6.23,6.21,6.13,5.97,5.8,5.61,5.42,5.24,5.07,4.92,4.78,4.66,4.51,4.36,4.23,4.2,4.23,4.28,4.25,4.18,4.14,4.15,4.15,4.05,3.9,3.78,3.73,3.67,3.65,3.71,3.83,4.01,4.14,4.4,4.68,4.9,4.97,4.95,4.93,5.12,5.23,5.33,5.46,5.59,5.69,5.7,6.01,6.2,6.32,6.56,6.91,7.22,7.17,6.9,6.57,6.26,6.03,5.75,5.42,5.15,4.85,4.53,4.34,4.22,4.22,4.1,3.71,3.06,2.44,1.8,0.59,-1.25,-2.64,-1.24,1.29,3.72,3.78,2.05,2.69,4.4,3.47,1.74
5.33,5.37,5.44,5.51,5.58,5.58,5.55,5.49,5.4,5.28,5.16,5.03,4.92,4.82,4.72,4.63,4.55,4.44,4.29,4.18,4.17,4.28,4.48,4.71,4.86,4.94,4.93,4.9,4.84,4.76,4.69,4.63,4.6,4.61,4.71,4.91,5.15,5.32,5.37,5.39,5.45,5.48,5.43,5.41,5.3,5.09,5.22,5.44,5.68,5.88,5.97,5.91,5.84,5.82,5.86,5.92,6.02,6.08,6.08,6.04,5.96,5.9,5.72,5.58,5.56,5.64,5.6,5.55,5.54,5.77,5.99,5.32,3.15,0.27,-0.67,0.53,1.98,1.71,0.99,5.91,4.92,3.06
4.45,4.4,4.36,4.33,4.29,4.31,4.33,4.38,4.45,4.49,4.5,4.51,4.47,4.46,4.48,4.56,4.68,4.86,5.07,5.28,5.43,5.48,5.46,5.39,5.38,5.41,5.44,5.38,5.17,4.8,4.55,4.34,4.17,4.21,4.4,4.7,5.04,5.43,5.72,5.93,6.15,6.42,6.7,6.92,6.99,6.93,6.81,6.7,6.66,6.65,6.63,6.57,6.44,6.33,6.27,6.19,6.13,6.04,6.0,5.95,5.96,6.06,6.21,6.37,6.47,6.57,6.56,6.57,6.54,6.46,6.34,5.91,5.45,4.75,3.36,2.12,2.37,2.14,2.41,4.26,2.92,2.35
4.91,4.98,5.05,5.11,5.16,5.19,5.19,5.18,5.18,5.21,5.2,5.21,5.19,5.21,5.25,5.29,5.38,5.47,5.56,5.61,5.62,5.65,5.64,5.62,5.58,5.5,5.49,5.6,5.96,6.44,6.97,7.4,7.63,7.64,7.55,7.41,7.31,7.22,7.14,7.07,7.01,7.01,7.04,7.07,7.09,7.15,7.22,7.33,7.38,7.39,7.3,7.17,7.01,6.84,6.68,6.52,6.37,6.2,5.96,5.71,5.45,5.26,5.14,5.11,5.15,5.23,5.31,5.51,5.69,6.02,6.25,6.56,6.72,6.76,6.77,5.53,4.73,3.17,0.59,-1.13,-2.75,-3.02
4.2,4.32,4.46,4.64,4.82,4.99,5.16,5.28,5.39,5.48,5.58,5.67,5.8,5.92,6.01,6.07,6.13,6.19,6.29,6.44,6.62,6.85,7.1,7.26,7.36,7.47,7.55,7.59,7.63,7.68,7.7,7.71,7.73,7.74,7.75,7.74,7.74,7.75,7.68,7.59,7.49,7.33,7.16,7.11,7.06,6.98,6.96,6.94,6.93,6.92,6.85,6.73,6.59,6.43,6.25,6.04,5.81,5.57,5.34,5.19,5.04,4.95,4.86,4.77,4.75,4.76,4.89,5.1,5.39,5.68,5.85,6.13,6.2,6.24,6.2,5.78,5.54,4.54,3.31,2.76,1.93,1.7
4.02,4.22,4.46,4.69,4.88,5.06,5.22,5.38,5.56,5.76,5.96,6.15,6.36,6.53,6.65,6.75,6.86,6.97,7.08,7.19,7.31,7.42,7.51,7.57,7.63,7.71,7.78,7.86,7.93,7.95,7.96,7.97,7.91,7.82,7.77,7.71,7.63,7.58,7.51,7.4,7.3,7.25,7.24,7.24,7.26,7.27,7.3,7.3,7.25,7.17,7.07,6.94,6.81,6.69,6.58,6.46,6.36,6.27,6.18,6.08,5.97,5.84,5.69,5.53,5.38,5.28,5.23,5.23,5.31,5.47,5.67,5.91,6.2,6.47,6.65,6.74,6.63,6.23,5.7,5.05,4.14,3.54
4.56,4.77,4.96,5.13,5.32,5.55,5.79,6.02,6.24,6.45,6.65,6.84,7.01,7.17,7.34,7.5,7.64,7.77,7.87,7.93,7.95,7.96,7.96,7.94,7.9,7.83,7.76,7.69,7.62,7.58,7.56,7.55,7.56,7.58,7.59,7.61,7.61,7.6,7.59,7.58,7.55,7.5,7.45,7.38,7.3,7.22,7.15,7.08,7.01,6.92,6.86,6.81,6.74,6.66,6.57,6.48,6.41,6.33,6.25,6.16,6.07,5.97,5.87,5.77,5.67,5.56,5.45,5.37,5.31,5.25,5.22,5.22,5.24,5.24,5.3,5.4,5.48,5.51,5.56,5.62,5.59,5.5
4.0,4.18,4.34,4.51,4.67,4.85,5.03,5.2,5.36,5.51,5.67,5.84,6.01,6.17,6.32,6.48,6.65,6.82,6.96,7.09,7.22,7.34,7.45,7.55,7.64,7.73,7.82,7.9,7.97,8.04,8.11,8.17,8.24,8.29,8.33,8.37,8.39,8.39,8.38,8.35,8.31,8.25,8.18,8.1,8.01,7.9,7.8,7.7,7.61,7.5,7.38,7.25,7.13,7.02,6.92,6.83,6.72,6.6,6.47,6.34,6.22,6.1,5.97,5.84,5.7,5.54,5.38,5.23,5.08,4.92,4.77,4.61,4.45,4.3,4.15,4.02,3.89,3.78,3.67,3.57,3.49,3.43
6.26,6.36,6.45,6.53,6.6,6.67,6.73,6.79,6.85,6.91,6.96,7.01,7.06,7.1,7.15,7.2,7.25,7.31,7.36,7.42,7.46,7.5,7.53,7.55,7.57,7.6,7.63,7.65,7.69,7.72,7.76,7.8,7.85,7.9,7.94,7.99,8.02,8.05,8.07,8.09,8.11,8.13,8.14,8.15,8.15,8.15,8.12,8.09,8.05,8.0,7.95,7.89,7.83,7.76,7.68,7.6,7.51,7.42,7.33,7.23,7.13,7.03,6.92,6.81,6.7,6.59,6.48,6.37,6.26,6.15,6.05,5.94,5.85,5.75,5.65,5.55,5.45,5.36,5.26,5.16,5.06,4.96
4.84,4.96,5.07,5.18,5.28,5.37,5.45,5.53,5.61,5.68,5.75,5.81,5.88,5.94,6.0,6.05,6.11,6.16,6.21,6.26,6.3,6.35,6.39,6.44,6.48,6.52,6.57,6.61,6.65,6.7,6.74,6.78,6.81,6.85,6.88,6.9,6.92,6.94,6.95,6.96,6.96,6.96,6.96,6.96,6.95,6.94,6.92,6.9,6.88,6.86,6.83,6.79,6.75,6.71,6.66,6.61,6.56,6.51,6.45,6.39,6.33,6.27,6.21,6.14,6.07,6.0,5.93,5.85,5.77,5.69,5.61,5.52,5.44,5.36,5.27,5.19,5.11,5.03,4.95,4.88,4.8,4.73
