data/2016040900_1000.json
{"header": { "discipline":0, "disciplineName":"Meteorological products", "gribEdition":2, "gribLength":78497, "center":7, "centerName":"US National Weather Service - NCEP(WMC)", "subcenter":0, "refTime":"2016-04-09T00:00:00.000Z", "significanceOfRT":1, "significanceOfRTName":"Start of forecast", "productStatus":0, "productStatusName":"Operational products", "productType":1, "productTypeName":"Forecast products", "productDefinitionTemplate":0, "productDefinitionTemplateName":"Analysis/forecast at horizontal level/layer at a point in time", "parameterCategory":2, "parameterCategoryName":"Momentum", "parameterNumber":3, "parameterNumberName":"V-component_of_wind", "parameterUnit":"m.s-1", "genProcessType":2, "genProcessTypeName":"Forecast", "forecastTime":0, "surface1Type":100, "surface1TypeName":"Isobaric surface", "surface1Value":100000.0, "surface2Type":255, "surface2TypeName":"Missing", "surface2Value":0.0, "gridDefinitionTemplate":0, "gridDefinitionTemplateName":"Latitude_Longitude", "numberPoints":65160, "shape":6, "shapeName":"Earth spherical with radius of 6,371,229.0 m", "gridUnits":"degrees", "resolution":48, "winds":"true", "scanMode":0, "nx":360, "ny":181, "basicAngle":0, "subDivisions":0, "lo1":0.0, "la1":90.0, "lo2":359.0, "la2":-90.0, "dx":1.0, "dy":1.0 }, "data":
[rows 0 to 35 of 181, columns 246 to 327 of 360]
-2.09,-2.07,-2.04,-2.02,-2.0,-1.97,-1.95,-1.92,-1.9,-1.87,-1.84,-1.82,-1.79,-1.76,-1.73,-1.7,-1.67,-1.64,-1.61,-1.58,-1.54,-1.51,-1.48,-1.44,-1.41,-1.38,-1.34,-1.3,-1.27,-1.23,-1.2,-1.16,-1.12,-1.08,-1.05,-1.01,-0.97,-0.93,-0.89,-0.85,-0.81,-0.77,-0.73,-0.69,-0.65,-0.61,-0.57,-0.53,-0.49,-0.45,-0.4,-0.36,-0.32,-0.28,-0.24,-0.19,-0.15,-0.11,-0.07,-0.03,0.02,0.06,0.1,0.14,0.19,0.23,0.27,0.31,0.35,0.4,0.44,0.48,0.52,0.56,0.6,0.64,0.68,0.72,0.76,0.8,0.84,0.88
-3.36,-3.1,-2.84,-2.56,-2.27,-1.98,-1.68,-1.38,-1.07,-0.76,-0.45,-0.14,0.17,0.47,0.77,1.06,1.35,1.63,1.9,2.16,2.41,2.65,2.87,3.09,3.3,3.5,3.68,3.85,4.01,4.16,4.3,4.43,4.55,4.66,4.76,4.84,4.93,5.0,5.06,5.12,5.17,5.21,5.24,5.27,5.29,5.31,5.32,5.33,5.33,5.33,5.32,5.31,5.29,5.28,5.26,5.24,5.22,5.19,5.17,5.15,5.12,5.09,5.07,5.04,5.02,4.99,4.97,4.94,4.92,4.9,4.88,4.85,4.84,4.82,4.8,4.79,4.77,4.76,4.75,4.74,4.73,4.72
1.23,1.34,1.46,1.57,1.68,1.79,1.89,2.0,2.09,2.18,2.27,2.36,2.44,2.53,2.61,2.7,2.78,2.85,2.93,3.0,3.07,3.15,3.23,3.31,3.39,3.46,3.54,3.6,3.67,3.73,3.78,3.82,3.86,3.89,3.91,3.92,3.92,3.92,3.9,3.88,3.85,3.81,3.77,3.72,3.68,3.63,3.58,3.53,3.48,3.44,3.39,3.35,3.32,3.29,3.27,3.25,3.24,3.24,3.24,3.24,3.25,3.26,3.28,3.29,3.32,3.34,3.37,3.4,3.43,3.46,3.49,3.51,3.54,3.57,3.59,3.62,3.65,3.67,3.69,3.7,3.7,3.68
0.82,0.92,1.03,1.13,1.22,1.32,1.41,1.49,1.57,1.65,1.72,1.78,1.84,1.89,1.94,1.98,2.02,2.06,2.08,2.1,2.12,2.13,2.15,2.16,2.17,2.17,2.18,2.2,2.23,2.25,2.26,2.28,2.31,2.35,2.38,2.41,2.44,2.49,2.55,2.63,2.7,2.77,2.85,2.94,3.02,3.1,3.19,3.27,3.36,3.45,3.52,3.58,3.64,3.71,3.77,3.8,3.82,3.82,3.82,3.81,3.8,3.77,3.72,3.68,3.65,3.62,3.59,3.56,3.53,3.51,3.49,3.46,3.43,3.4,3.37,3.35,3.32,3.27,3.21,3.13,3.06,2.99
1.24,1.25,1.27,1.29,1.31,1.34,1.37,1.41,1.45,1.5,1.54,1.59,1.64,1.69,1.73,1.78,1.83,1.88,1.93,1.96,2.01,2.06,2.12,2.17,2.23,2.29,2.34,2.4,2.46,2.53,2.6,2.68,2.76,2.85,2.93,2.99,3.05,3.1,3.14,3.16,3.19,3.22,3.23,3.21,3.19,3.17,3.14,3.1,3.07,3.04,3.0,2.96,2.92,2.88,2.84,2.79,2.74,2.68,2.61,2.54,2.47,2.4,2.33,2.26,2.19,2.11,2.04,1.97,1.9,1.84,1.79,1.74,1.69,1.65,1.61,1.58,1.54,1.5,1.46,1.42,1.37,1.32
3.19,3.19,3.18,3.17,3.14,3.11,3.08,3.03,2.97,2.91,2.84,2.76,2.67,2.57,2.45,2.31,2.16,2.0,1.84,1.67,1.53,1.4,1.3,1.2,1.14,1.1,1.08,1.1,1.15,1.2,1.27,1.35,1.41,1.48,1.54,1.61,1.67,1.74,1.79,1.83,1.85,1.86,1.86,1.85,1.83,1.8,1.75,1.69,1.63,1.55,1.48,1.4,1.31,1.22,1.13,1.01,0.9,0.8,0.7,0.61,0.52,0.45,0.39,0.34,0.29,0.25,0.23,0.2,0.16,0.15,0.12,0.08,0.05,0.04,0.02,-0.01,-0.03,-0.06,-0.08,-0.1,-0.12,-0.16
0.97,0.92,0.85,0.77,0.67,0.56,0.44,0.31,0.17,0.0,-0.17,-0.34,-0.52,-0.69,-0.87,-1.05,-1.22,-1.38,-1.52,-1.62,-1.69,-1.72,-1.73,-1.71,-1.65,-1.56,-1.44,-1.29,-1.11,-0.93,-0.76,-0.59,-0.42,-0.26,-0.09,0.06,0.2,0.33,0.42,0.49,0.54,0.57,0.59,0.6,0.61,0.61,0.6,0.57,0.5,0.41,0.31,0.18,0.04,-0.11,-0.26,-0.4,-0.54,-0.67,-0.79,-0.9,-1.02,-1.12,-1.22,-1.32,-1.39,-1.43,-1.44,-1.43,-1.37,-1.3,-1.24,-1.16,-1.11,-1.03,-0.94,-0.83,-0.62,-0.38,-0.2,0.0,0.12,0.01
-0.42,-0.51,-0.61,-0.72,-0.86,-1.01,-1.2,-1.4,-1.65,-1.91,-2.23,-2.57,-2.96,-3.32,-3.66,-3.93,-4.15,-4.29,-4.42,-4.49,-4.53,-4.56,-4.53,-4.49,-4.45,-4.36,-4.27,-4.14,-3.99,-3.77,-3.42,-2.93,-2.33,-1.62,-1.01,-0.32,0.36,0.51,0.36,0.34,0.45,0.31,0.93,1.62,1.56,1.22,0.94,0.87,0.82,0.79,0.55,0.09,-0.36,-0.84,-1.34,-1.76,-2.01,-2.1,-2.05,-1.99,-1.98,-2.07,-2.23,-2.36,-2.39,-2.28,-2.01,-1.58,-0.86,-0.04,0.31,-0.35,0.44,0.57,0.69,-0.14,-0.26,0.69,0.03,-0.46,-0.06,0.23
-1.32,-1.5,-1.72,-2.02,-2.38,-2.83,-3.33,-3.91,-4.54,-5.17,-5.76,-6.24,-6.63,-6.96,-7.23,-7.58,-7.88,-8.25,-8.49,-8.87,-9.25,-9.88,-10.34,-10.65,-10.23,-8.24,-4.34,-3.75,-2.16,-2.33,-2.53,-2.2,-2.05,-2.0,-1.92,-1.65,-1.29,-0.68,-0.59,-1.02,-2.19,-2.93,-2.89,-1.96,-0.9,0.44,0.9,0.18,-1.23,-2.86,-4.42,-5.33,-8.35,-7.8,-6.7,-3.95,-2.59,-0.76,0.4,0.29,-1.02,-2.83,-3.32,-4.03,-2.35,0.44,2.26,1.6,-1.27,-3.28,-2.93,-0.73,1.77,3.09,2.78,0.98,-1.04,-2.08,-1.22,0.07,0.26,-1.26
-2.52,-2.92,-3.39,-3.96,-4.65,-5.45,-6.31,-7.12,-7.84,-8.52,-9.09,-9.55,-9.92,-10.06,-10.3,-10.48,-10.59,-10.34,-9.39,-5.62,-3.91,-1.38,-2.51,-9.52,-6.55,-2.79,-1.17,0.66,1.39,1.61,1.3,1.23,0.78,0.21,-0.2,-0.41,-0.97,-2.29,-2.73,-0.96,0.97,1.72,0.46,-0.34,-0.28,-1.3,-3.99,-5.48,-10.47,-9.57,-9.04,-7.69,-4.41,0.1,2.45,1.71,0.66,0.1,-0.48,-0.97,-1.45,-1.61,-1.34,-1.03,-0.99,-1.24,-1.64,-1.92,-1.95,-1.34,0.34,2.66,4.4,4.7,3.67,2.02,0.27,-1.14,-1.92,-0.88,1.25,2.99
-3.65,-4.15,-4.71,-5.4,-6.24,-7.14,-8.04,-8.87,-9.78,-10.61,-11.46,-12.11,-12.77,-13.47,-14.59,-15.4,-18.35,-18.02,-14.65,-7.14,-2.69,-0.97,-1.01,-2.44,-3.74,-3.93,-7.66,-6.01,-2.02,-0.5,-0.53,-1.41,-3.06,-1.7,0.19,1.39,1.36,0.77,0.25,-0.09,-0.18,0.23,0.23,-1.19,-7.01,-9.04,-10.09,-8.02,-4.28,-1.78,-0.5,-2.43,-3.86,-4.24,-1.89,1.8,4.19,4.97,4.99,4.81,4.74,4.92,5.23,5.38,5.34,5.38,5.76,6.21,6.36,6.06,5.4,4.63,3.88,3.34,3.19,3.34,3.6,3.67,3.18,2.01,0.49,-0.75
-4.37,-4.99,-5.63,-6.37,-7.22,-8.01,-8.62,-9.16,-9.84,-10.94,-11.17,-9.67,-10.58,-13.34,-13.92,-14.36,-14.68,-14.64,-13.27,-9.75,-3.11,2.14,4.11,2.62,-0.91,-4.84,-6.23,-6.22,-10.08,-7.05,-3.6,-4.55,-3.1,0.78,1.57,1.36,1.38,2.74,1.33,-1.81,-4.7,-6.44,-7.24,-6.73,-4.98,-2.62,-0.56,0.59,0.45,-0.85,-1.73,-1.11,1.43,5.05,7.85,9.54,10.39,10.66,10.12,9.36,8.96,8.9,8.79,8.66,8.59,8.51,8.24,7.72,7.02,6.3,5.58,4.85,4.15,3.45,2.78,2.16,1.49,0.62,-0.34,-1.19,-1.81,-2.25
-4.42,-4.94,-5.73,-6.85,-7.69,-8.11,-8.37,-9.07,-9.91,-10.89,-11.57,-11.4,-11.56,-13.06,-10.17,-13.43,-12.96,-12.24,-10.46,-9.95,-8.41,-6.13,-3.4,-1.41,-2.74,-6.67,-9.0,-6.94,-2.52,-0.88,-4.15,-4.42,-1.4,1.73,0.2,-4.0,-5.37,-5.36,-8.43,-17.84,-19.84,-15.67,-5.3,1.51,5.13,5.66,6.8,8.24,9.36,10.17,11.05,11.91,12.66,13.13,13.13,12.47,11.27,10.26,9.69,9.39,8.94,8.55,8.65,9.06,9.07,8.66,8.02,7.24,6.36,5.6,4.98,4.37,3.69,2.84,1.92,1.07,0.32,-0.32,-0.85,-1.39,-2.04,-2.67
-4.73,-4.93,-5.49,-6.37,-7.06,-7.6,-8.13,-8.8,-9.57,-10.27,-10.68,-10.75,-10.94,-10.97,-10.87,-10.86,-10.82,-10.45,-4.31,-6.4,-7.59,-8.05,-8.32,-8.2,-8.42,-8.11,-3.68,-1.23,-0.11,-1.78,-3.97,-3.47,-0.94,1.3,1.25,-1.81,-6.8,-12.29,-13.29,-12.66,-11.22,-8.06,-3.67,0.08,2.75,3.84,5.45,7.0,10.57,11.77,10.4,9.56,10.54,11.35,10.87,9.62,8.32,7.42,7.24,7.77,8.71,9.42,9.74,9.96,9.85,9.24,8.32,7.28,6.43,5.72,5.17,4.44,3.39,2.15,1.13,0.63,0.52,0.48,0.27,-0.04,-0.24,-0.25
-1.3,-1.22,-5.66,-7.3,-8.09,-7.23,-8.43,-8.96,-9.06,-10.66,-11.48,-11.25,-11.93,-8.74,-10.45,-8.41,-10.31,-13.96,-12.09,-10.01,-9.51,-11.21,-7.65,-6.2,-10.8,-10.38,-6.94,0.57,3.66,0.39,-3.18,-3.4,1.07,3.91,0.22,-4.72,-12.04,-12.72,-12.32,-11.49,-9.8,-7.13,-3.83,0.23,3.36,3.36,0.57,-0.36,0.84,1.85,2.2,2.85,4.96,8.14,10.94,8.82,9.12,7.7,6.43,6.41,7.44,8.59,9.03,8.99,8.79,8.24,7.43,6.6,6.09,5.63,5.02,4.07,2.62,1.1,-0.15,-0.93,-1.31,-1.68,-1.95,-1.84,-1.57,-1.69
-1.4,-3.54,-6.62,-9.92,-9.31,-12.09,-11.63,-11.42,-12.13,-12.35,-12.94,-12.63,-12.39,-12.18,-11.99,-11.55,-12.29,-13.48,-12.0,-8.39,-7.58,-11.28,-7.75,-5.81,-6.02,-6.41,-4.84,-2.8,-3.44,-2.79,1.69,1.66,-1.83,-3.84,-10.46,-12.88,-11.82,-10.67,-11.02,-11.01,-8.31,-4.23,-2.51,-2.22,-0.73,1.64,4.28,6.55,8.56,10.3,12.02,13.47,14.26,14.28,13.86,13.7,14.02,9.14,7.92,5.2,4.74,5.69,6.37,6.69,7.86,8.75,8.15,6.95,6.18,5.85,5.21,4.03,2.7,1.63,0.77,0.07,-0.42,-0.96,-1.87,-2.93,-3.78,-4.27
-4.16,-4.84,-7.15,-8.58,-9.43,-10.19,-10.53,-10.56,-10.73,-11.32,-11.83,-12.0,-11.96,-11.55,-10.85,-10.07,-7.04,-10.66,-10.2,-4.55,-3.49,-4.11,-5.28,-3.29,-7.26,-6.14,-1.7,2.25,2.86,0.87,-1.27,-1.43,-1.52,-2.45,-3.37,-4.46,-3.9,-4.23,-5.75,-6.31,-4.94,-2.73,-1.04,-0.45,0.01,1.46,3.98,7.13,10.46,12.71,13.97,14.65,15.17,15.51,15.43,14.96,15.17,15.58,10.79,4.97,5.47,11.1,13.72,11.9,9.09,7.68,6.95,6.03,5.74,5.57,5.14,4.5,3.75,2.87,1.89,0.84,-0.26,-1.1,-1.58,-1.91,-2.05,-2.32
-7.64,-7.61,-7.97,-8.67,-8.67,-9.59,-9.53,-7.76,-11.05,-11.68,-12.05,-12.11,-11.27,-10.97,-10.18,-7.92,-10.87,-7.83,-11.45,-8.49,-9.53,-9.84,-7.98,-9.45,-9.78,-7.0,-6.75,-7.98,-9.32,-2.15,-1.39,-2.48,-3.94,-1.74,-0.12,-0.13,-2.63,-1.37,-2.8,-5.47,-4.59,-2.45,-1.03,-0.58,-0.03,1.36,3.55,6.21,8.79,10.68,12.39,13.93,14.64,15.21,15.73,15.23,14.04,14.45,13.51,3.59,-0.72,2.85,6.17,7.15,6.72,6.63,6.35,5.44,5.19,5.24,5.07,4.58,3.08,0.78,-0.59,-1.0,-1.65,-2.54,-3.07,-3.32,-4.38,-5.59
-4.93,-5.22,-5.73,-8.1,-9.19,-11.9,-12.78,-10.7,-8.35,-12.41,-11.32,-10.4,-9.65,-9.03,-8.94,-7.27,-7.83,-7.46,-7.05,-3.31,-8.62,-8.21,-7.85,-7.76,-6.57,-4.39,-4.27,-4.74,-4.33,0.27,1.46,0.8,1.91,3.5,2.66,1.23,1.89,0.46,-1.16,-0.74,-1.04,-1.88,-2.06,-1.55,-0.74,0.43,2.44,4.53,7.0,9.97,11.78,12.43,13.05,13.39,14.15,15.19,15.89,17.44,17.23,6.0,3.39,3.72,5.82,8.19,7.21,4.62,3.83,3.48,2.91,2.84,3.33,3.29,2.39,0.46,-1.42,-2.33,-3.22,-4.42,-5.29,-5.92,-6.27,-6.34
-6.75,-6.82,-8.25,-8.83,-8.71,-10.05,-11.32,-10.15,-8.68,-8.93,-8.99,-8.21,-7.46,-6.96,-6.42,-5.81,-5.23,-4.53,-1.54,-1.0,-2.52,-6.29,-7.91,-7.62,-6.86,-4.74,-2.58,-1.22,0.33,0.37,-0.43,-0.9,-1.56,-2.16,-1.02,-0.48,0.39,1.41,0.57,-0.13,1.24,3.17,2.85,0.88,0.66,1.96,2.15,2.72,5.45,8.77,10.35,10.71,10.42,9.99,9.69,10.39,12.21,15.09,18.61,13.07,-1.1,-1.69,1.14,3.94,4.98,3.38,4.51,4.02,2.56,2.56,2.76,2.77,1.96,0.69,-0.89,-2.53,-3.78,-4.67,-5.56,-6.46,-7.02,-7.28
-5.75,-5.73,-5.37,-7.2,-6.85,-8.05,-7.73,-7.26,-5.16,-5.28,-6.42,-5.81,-5.33,-5.05,-4.85,-4.68,-4.51,-5.01,-5.58,-4.65,-3.39,-1.39,-3.18,-5.89,-6.34,-5.34,-4.11,-4.07,-3.4,-0.01,-1.77,-4.38,-5.33,-5.56,-1.86,4.67,7.61,5.15,5.83,6.77,7.46,8.62,6.42,4.08,1.57,1.43,2.48,8.21,8.22,8.31,8.96,8.41,7.45,8.49,10.73,12.04,13.38,15.57,18.4,13.87,4.17,2.99,0.8,-0.06,-0.85,3.74,5.91,4.28,1.12,1.04,1.55,1.69,1.7,0.76,-0.5,-2.21,-4.06,-5.11,-5.61,-6.06,-6.68,-7.15
-4.63,-5.4,-6.04,-6.52,-7.3,-8.08,-6.8,-7.51,-6.59,-6.24,-5.56,-5.39,-5.15,-4.28,-3.71,-3.17,-3.11,-2.92,-3.56,-2.93,-1.92,0.23,0.13,-2.14,-3.98,-2.11,-4.27,-4.18,-2.82,-0.29,-0.02,-2.72,-4.79,-6.18,-4.25,-0.19,3.23,3.17,2.37,3.83,8.39,9.92,9.3,8.81,5.26,3.03,3.35,7.47,6.28,4.4,2.07,-0.61,3.54,9.87,12.13,13.35,13.71,13.82,15.59,17.01,10.97,2.54,-1.51,-3.61,-1.24,3.62,3.47,3.24,0.87,-1.38,0.03,0.74,1.73,1.41,-0.63,-2.82,-4.98,-5.68,-4.87,-7.5,-5.91,-6.13
-3.94,-3.66,-3.67,-3.99,-5.4,-6.45,-5.78,-4.21,-5.02,-5.15,-4.85,-4.48,-3.89,-3.25,-2.86,-2.79,-2.83,-2.67,-2.76,-1.98,-0.81,-1.07,-3.78,-3.51,-1.6,-1.24,-4.54,-4.97,-3.01,-4.02,-4.51,-3.7,-4.67,-5.75,-4.86,-2.16,1.62,3.94,5.46,9.37,11.64,12.95,10.92,11.21,11.38,10.89,6.26,3.73,1.67,0.84,-0.8,0.41,8.76,14.33,16.27,15.38,14.64,14.09,14.04,15.86,10.69,-2.92,-3.33,-0.4,4.24,3.49,0.93,3.16,3.72,-0.08,-2.97,-2.63,-3.77,-4.88,-4.69,-5.26,-6.26,-6.57,-6.06,-3.9,-7.1,-1.88
-1.98,-2.53,-3.13,-3.74,-3.9,-3.86,-4.9,-3.08,-2.25,-2.21,-2.24,-2.0,-2.29,-1.85,-1.71,-2.37,-2.37,-2.8,-3.23,-1.01,-3.18,-3.1,-3.53,-3.93,-5.02,-6.53,-4.22,-7.26,-7.86,-4.14,-4.2,-4.66,-3.26,-2.35,-1.73,-0.23,2.04,5.01,7.07,8.41,9.78,10.58,10.43,11.43,8.08,6.13,4.71,1.82,1.39,2.06,3.34,3.6,6.17,15.96,17.14,14.89,13.89,13.71,13.82,16.3,10.57,-1.63,-1.33,0.31,4.3,4.6,4.9,5.97,5.59,2.46,-2.89,-5.73,-7.79,-9.63,-7.55,-7.2,-6.28,-5.78,-8.47,-6.77,-4.23,-8.76
0.16,0.7,-0.25,-0.52,-0.69,-1.41,-1.59,-1.55,-1.32,-1.48,-1.94,-1.93,-1.56,-1.42,-1.48,-1.78,-2.37,-2.97,-2.75,-4.18,-5.13,-5.36,-4.64,-3.96,-3.55,-5.85,-5.73,-5.5,-9.56,-5.8,-3.4,-5.09,-3.49,-0.71,1.09,2.14,4.16,7.37,8.9,9.79,10.44,8.1,7.35,10.03,5.71,4.32,4.9,3.18,0.21,0.61,1.71,2.67,8.78,13.61,12.63,11.58,11.61,12.02,12.32,12.99,12.1,0.73,0.2,2.72,5.02,5.59,6.87,6.58,6.37,5.81,1.81,-3.7,-5.75,-8.7,-5.58,-2.45,1.36,-1.74,-2.98,-10.18,-11.92,-12.38
0.85,1.55,2.0,1.5,1.16,0.77,1.1,1.09,0.66,0.66,0.45,-0.28,-0.75,-1.02,-1.51,-1.93,-2.1,-3.92,-3.7,-4.62,-5.72,-6.13,-6.54,-6.21,-6.35,-5.94,-6.32,-8.67,-7.77,-7.02,-2.75,-1.45,-1.5,0.35,2.81,6.04,8.84,5.75,5.23,9.1,8.62,6.87,5.32,4.91,4.41,3.98,4.51,2.68,-0.72,0.19,0.99,5.61,8.31,9.69,10.24,9.48,8.54,9.1,10.1,9.46,7.63,4.21,-1.58,-2.22,1.02,4.76,6.84,6.99,6.86,5.21,0.7,-2.29,-1.94,3.75,3.04,-1.9,-4.42,-9.3,-12.89,-14.87,-16.85,-17.91
1.32,1.39,1.72,1.82,1.73,1.79,1.61,1.79,1.72,0.91,-0.12,-0.29,0.0,-0.96,-1.43,-1.78,-2.98,-3.49,-6.27,-7.12,-8.52,-9.54,-8.97,-7.56,-9.2,-6.31,-6.45,-7.86,-7.4,-5.15,-4.86,2.65,3.87,3.64,5.64,6.6,6.54,6.25,6.33,6.81,7.33,5.96,2.95,4.41,3.78,0.18,1.04,2.87,1.1,0.23,4.4,8.05,8.72,8.62,8.3,7.0,8.48,9.04,8.83,8.06,6.08,3.06,-1.94,-0.45,1.36,6.48,7.03,6.31,6.01,4.77,0.73,-2.82,-0.68,-0.25,-4.73,-6.33,-10.96,-14.38,-17.18,-18.99,-20.93,-22.24
2.13,2.31,2.14,1.4,1.21,1.95,2.66,2.7,2.33,1.66,1.43,1.91,1.33,-0.11,-1.28,-2.35,-3.12,-3.98,-6.05,-5.82,-8.82,-10.98,-11.31,-10.98,-9.39,-7.31,-6.09,-7.13,-6.49,-5.05,-1.92,1.64,2.4,5.35,7.42,7.13,7.4,4.37,3.26,3.53,2.58,3.33,1.6,-2.2,-2.63,-0.57,0.75,2.49,0.87,2.25,7.25,7.39,6.84,6.89,6.37,7.0,7.83,8.11,7.87,7.09,5.45,3.23,-0.28,-2.7,-1.27,4.4,5.45,5.17,3.68,-1.17,-5.78,-4.42,-3.06,-10.74,-11.44,-13.89,-16.68,-19.07,-21.2,-21.24,-15.3,-9.31
4.19,2.84,2.44,3.64,3.99,3.9,3.83,3.53,3.43,3.07,2.49,1.82,1.33,-0.34,-0.89,-1.42,-2.3,-3.83,-7.4,-8.1,-9.79,-10.41,-10.57,-9.8,-8.59,-7.65,-6.03,-5.2,-5.06,-3.61,-1.81,0.99,4.46,5.74,5.68,6.07,5.52,2.94,2.29,1.09,0.06,1.29,0.88,-2.47,-2.65,-0.07,2.97,-1.52,-2.27,1.04,2.48,2.92,3.17,3.1,4.02,5.46,6.31,6.79,7.04,6.42,4.98,3.24,0.9,-1.95,-4.15,-0.47,4.48,1.13,-0.32,1.08,-1.19,-2.88,-11.41,-17.2,-17.03,-18.98,-20.02,-18.89,-14.9,-12.35,-11.2,-8.19
5.54,3.7,4.33,4.51,4.9,4.93,4.95,4.73,4.09,3.56,2.65,2.19,1.78,0.66,-1.06,-1.66,-2.23,-3.17,-4.47,-8.77,-10.35,-10.7,-10.39,-9.55,-8.18,-6.66,-5.36,-4.25,-3.01,-1.85,0.79,3.44,4.07,4.06,3.44,3.02,2.26,0.24,-1.88,-4.24,-4.31,-3.37,-4.66,-3.46,-3.69,-3.38,-4.11,-3.68,0.26,1.74,1.61,2.84,2.8,3.37,4.41,5.4,6.5,7.09,7.39,7.15,5.88,4.09,2.2,-0.22,-3.11,-5.92,-2.5,-1.98,-0.17,1.26,-0.07,-2.2,-17.33,-18.34,-19.49,-19.7,-17.18,-15.64,-14.34,-12.28,-10.84,-9.62
3.72,3.46,3.96,4.95,5.66,5.33,5.49,4.97,4.78,4.1,3.56,2.5,1.52,0.86,-0.05,-1.13,-1.91,-2.31,-4.48,-7.94,-10.44,-10.75,-10.04,-9.08,-7.75,-6.12,-4.6,-3.46,-2.24,-0.59,1.05,2.0,1.98,1.54,1.1,0.07,-0.87,-2.39,-4.06,-4.87,-4.59,-4.01,-3.49,-3.03,-5.42,-6.73,-7.05,-4.43,-1.38,1.17,5.94,4.37,2.73,4.26,6.92,8.75,10.14,10.85,11.0,10.15,8.46,7.3,5.98,3.57,0.84,-1.59,-3.76,-4.75,-3.99,-3.08,0.36,-3.79,-19.38,-18.18,-17.64,-17.3,-17.0,-17.09,-16.86,-16.73,-15.01,-11.18
2.1,3.35,4.22,4.55,4.82,6.18,6.6,5.62,4.76,4.55,4.28,3.67,2.52,0.99,-0.32,-0.94,-1.08,-1.5,-3.6,-6.47,-9.3,-10.29,-9.62,-8.27,-6.71,-5.33,-4.09,-3.11,-1.96,-0.98,0.23,0.41,-0.14,-0.68,-1.66,-2.54,-4.31,-4.77,-4.63,-5.06,-5.38,-5.11,-5.32,-5.0,-5.52,-7.13,-7.51,-7.01,-4.81,-1.32,-0.83,-1.81,-3.82,0.77,4.18,7.87,11.03,12.29,12.99,13.1,12.96,12.01,10.35,8.17,5.41,2.26,-0.57,-2.67,-3.99,-5.42,-6.63,-6.48,-16.34,-19.99,-16.96,-17.47,-18.35,-18.95,-20.59,-19.77,-16.72,-13.2
2.19,6.73,6.67,7.8,9.47,9.52,8.42,6.8,6.57,6.5,4.75,3.63,3.4,1.02,-0.35,-0.87,-1.3,-1.92,-2.73,-4.61,-6.21,-8.15,-8.83,-7.8,-6.32,-5.04,-3.88,-2.97,-2.26,-1.53,-1.1,-1.61,-2.29,-3.29,-4.35,-5.59,-7.54,-4.8,-5.56,-6.19,-6.16,-6.46,-5.76,-6.38,-6.23,-6.94,-6.27,-4.43,1.74,1.87,-2.55,-4.5,-5.07,2.33,5.52,10.07,14.44,15.76,16.86,17.42,16.73,15.57,13.85,11.69,9.32,6.58,2.7,-1.12,-3.79,-5.98,-7.9,-10.24,-12.72,-16.39,-19.69,-20.45,-19.74,-20.73,-20.69,-19.31,-18.21,-16.4
3.18,2.25,3.63,7.36,7.97,6.9,7.0,7.14,6.79,5.69,3.97,2.19,1.12,0.36,-0.51,-1.19,-1.35,-1.96,-2.38,-3.03,-4.88,-5.36,-5.67,-5.76,-5.32,-4.79,-4.05,-3.67,-3.46,-3.07,-3.08,-3.64,-4.44,-5.53,-6.83,-7.63,-8.69,-9.04,-6.36,-6.57,-7.3,-7.67,-6.96,-6.52,-7.21,-5.9,-5.84,-0.84,1.68,2.0,0.68,-2.61,-4.12,-0.01,6.75,9.51,14.14,17.3,16.87,16.05,16.19,15.91,14.82,13.02,11.25,8.91,6.23,2.63,-1.61,-4.7,-7.32,-9.01,-11.46,-13.73,-16.09,-17.92,-19.04,-20.15,-19.41,-17.85,-16.92,-15.18
4.15,6.07,7.92,6.05,5.84,7.61,6.43,5.82,5.57,5.75,4.36,3.08,1.94,0.43,-0.51,-1.25,-1.65,-1.69,-1.8,-2.25,-2.88,-2.94,-3.05,-2.2,-1.71,-2.47,-3.74,-4.23,-4.15,-3.64,-4.0,-5.14,-6.43,-7.35,-7.78,-9.04,-9.21,-9.77,-5.79,-6.57,-8.19,-7.97,-8.52,-6.51,-4.98,-6.0,-3.76,-0.93,3.04,0.6,1.79,-2.59,-3.42,0.85,5.54,10.11,12.85,15.21,17.31,15.86,14.83,14.85,13.9,12.75,11.3,9.37,7.5,5.39,2.5,-1.5,-5.08,-7.44,-9.23,-11.3,-13.76,-15.62,-17.32,-17.2,-16.17,-15.56,-13.71,-10.5
3.64,6.18,5.95,7.97,6.92,6.7,6.7,6.32,5.51,6.83,5.0,3.53,2.36,1.15,-0.18,-1.02,-1.44,-1.63,-2.07,-2.11,-2.19,-2.27,-2.71,-2.48,-2.71,-2.53,-2.63,-2.25,-2.83,-3.75,-6.07,-6.6,-8.13,-8.75,-9.09,-8.9,-5.78,-6.36,-6.33,-6.81,-6.87,-8.41,-6.12,-5.57,-5.78,-5.17,3.74,6.11,3.93,6.36,4.78,4.6,2.56,3.23,2.9,3.37,10.51,13.98,16.71,16.13,14.82,14.86,13.73,12.62,11.4,10.04,7.9,6.29,4.34,2.12,-0.31,-4.44,-7.68,-9.4,-10.94,-12.87,-13.98,-15.48,-15.99,-15.01,-13.08,-10.5
