data/2016040900_850.json
{"header": { "discipline":0, "disciplineName":"Meteorological products", "gribEdition":2, "gribLength":77828, "center":7, "centerName":"US National Weather Service - NCEP(WMC)", "subcenter":0, "refTime":"2016-04-09T00:00:00.000Z", "significanceOfRT":1, "significanceOfRTName":"Start of forecast", "productStatus":0, "productStatusName":"Operational products", "productType":1, "productTypeName":"Forecast products", "productDefinitionTemplate":0, "productDefinitionTemplateName":"Analysis/forecast at horizontal level/layer at a point in time", "parameterCategory":2, "parameterCategoryName":"Momentum", "parameterNumber":2, "parameterNumberName":"U-component_of_wind", "parameterUnit":"m.s-1", "genProcessType":2, "genProcessTypeName":"Forecast", "forecastTime":0, "surface1Type":100, "surface1TypeName":"Isobaric surface", "surface1Value":85000.0, "surface2Type":255, "surface2TypeName":"Missing", "surface2Value":0.0, "gridDefinitionTemplate":0, "gridDefinitionTemplateName":"Latitude_Longitude", "numberPoints":65160, "shape":6, "shapeName":"Earth spherical with radius of 6,371,229.0 m", "gridUnits":"degrees", "resolution":48, "winds":"true", "scanMode":0, "nx":360, "ny":181, "basicAngle":0, "subDivisions":0, "lo1":0.0, "la1":90.0, "lo2":359.0, "la2":-90.0, "dx":1.0, "dy":1.0 }, "data":
[rows 105 to 139 of 181, columns 80 to 159 of 360]
-6.06,-5.49,-5.64,-5.72,-6.01,-6.13,-5.75,-5.17,-5.43,-5.21,-4.16,-2.72,-2.02,-2.21,-1.55,-0.11,0.66,0.98,-0.27,-1.43,-0.44,-1.36,-0.78,-2.64,-3.61,-3.46,-5.16,-5.81,-6.25,-6.49,-6.62,-7.59,-9.11,-10.26,-10.4,-10.24,-10.54,-11.48,-11.54,-11.03,-11.14,-11.29,-10.93,-10.27,-10.19,-10.68,-11.1,-10.57,-10.53,-10.08,-9.25,-11.48,-13.74,-14.9,-14.31,-11.7,-11.19,-9.95,-8.99,-9.34,-10.15,-9.42,-8.19,-7.54,-10.92,-12.27,-9.88,-8.9,-8.44,-8.97,-7.98,-7.44,-7.9,-7.29,-7.87,-8.19,-9.17,-9.08,-8.04,-8.43
-5.69,-6.4,-7.24,-6.98,-6.15,-4.94,-4.66,-5.18,-4.8,-4.84,-5.35,-5.55,-5.16,-3.98,-2.96,-3.95,-4.3,-3.74,-2.24,-2.91,-2.59,-1.87,-2.69,-2.87,-4.54,-5.34,-5.16,-5.39,-5.64,-5.67,-7.22,-8.68,-8.99,-9.29,-9.21,-9.28,-9.09,-9.18,-9.3,-9.33,-8.58,-8.49,-10.23,-9.81,-9.74,-10.3,-10.95,-9.77,-9.95,-8.12,-9.06,-9.77,-11.66,-14.21,-14.39,-14.33,-13.04,-10.89,-10.04,-8.2,-7.43,-8.44,-8.55,-7.6,-10.03,-11.75,-6.61,-8.0,-7.89,-8.79,-9.77,-9.36,-9.06,-9.46,-8.95,-8.28,-9.32,-9.53,-9.52,-9.55
-8.3,-8.39,-7.42,-6.84,-6.46,-6.59,-6.92,-6.5,-5.76,-5.12,-4.96,-4.88,-5.59,-3.9,-3.23,-2.65,-3.83,-3.83,-2.58,-1.42,-2.09,-2.77,-2.56,-1.96,-4.03,-4.14,-3.83,-4.86,-4.98,-4.53,-5.51,-6.92,-7.52,-8.01,-8.1,-7.25,-6.36,-5.72,-5.67,-5.57,-6.99,-5.42,-5.85,-6.59,-8.58,-9.51,-11.58,-11.03,-11.78,-12.62,-13.41,-12.16,-11.61,-12.19,-13.5,-13.07,-11.51,-9.81,-8.33,-7.64,-6.08,-6.34,-6.92,-5.67,-7.8,-11.59,-7.93,-6.24,-7.76,-7.21,-7.91,-9.51,-9.31,-9.14,-8.96,-9.18,-8.93,-9.55,-9.81,-9.77
-7.62,-7.56,-7.08,-6.51,-6.41,-6.97,-7.59,-7.42,-7.03,-6.34,-6.16,-5.49,-4.47,-2.71,-2.81,-2.87,-2.47,-1.34,-0.76,0.08,-0.12,-0.72,-0.48,-0.85,-1.46,-1.87,-1.62,-1.42,-2.22,-2.93,-3.13,-4.65,-6.3,-7.11,-6.57,-4.66,-3.86,-3.17,-3.17,-4.45,-8.19,-9.07,-6.5,-6.7,-6.97,-7.47,-6.6,-8.88,-10.62,-13.21,-13.49,-11.24,-9.99,-8.91,-8.4,-8.91,-11.28,-12.05,-10.12,-7.44,-5.66,-5.79,-4.45,-5.03,-8.26,-9.7,-6.61,-5.78,-8.8,-8.77,-8.19,-7.71,-6.56,-6.26,-6.79,-8.1,-8.89,-8.88,-8.53,-8.3
-6.14,-5.92,-6.15,-6.33,-6.61,-7.28,-7.4,-7.16,-7.45,-7.44,-6.36,-5.83,-6.43,-5.51,-4.53,-2.93,-1.52,-0.05,0.1,0.38,0.02,0.87,1.45,0.26,0.19,1.21,1.46,1.12,-0.44,-1.7,-1.04,-2.18,-4.66,-5.17,-5.1,-3.64,-2.73,-2.81,-1.98,0.12,-1.01,0.51,-3.01,-4.4,-6.94,-7.19,-7.13,-7.07,-8.87,-12.19,-13.5,-13.55,-10.8,-8.18,-7.85,-8.95,-10.65,-11.45,-12.59,-10.75,-8.45,-6.31,-5.16,-1.63,-8.02,-5.61,-3.55,-3.43,-4.86,-8.92,-8.37,-5.04,-4.22,-3.55,-3.59,-4.97,-6.69,-7.54,-7.05,-6.13
-4.84,-6.01,-5.78,-5.77,-5.37,-5.57,-6.4,-7.14,-7.2,-5.87,-6.28,-7.41,-6.45,-6.66,-6.43,-7.2,-7.63,-7.5,-6.85,-5.8,-4.4,-5.0,-4.64,-3.44,-1.63,1.83,2.52,3.0,1.07,1.3,1.01,0.66,-1.58,-2.67,-2.5,-2.15,-3.34,-3.56,-3.65,-4.99,-4.13,-3.19,-4.2,-4.78,-6.27,-6.46,-7.35,-7.82,-8.63,-10.29,-10.43,-9.76,-10.0,-11.06,-9.57,-7.65,-7.85,-8.54,-9.64,-11.84,-10.82,-7.2,-4.79,-5.03,-5.47,-4.55,-4.6,-3.72,-5.19,-4.84,-4.35,-6.8,-6.29,-6.35,-6.48,-5.03,-4.18,-3.9,-4.02,-5.45
-4.16,-4.36,-4.42,-3.58,-4.11,-3.86,-5.23,-5.73,-6.07,-6.12,-6.67,-7.05,-6.3,-6.74,-8.08,-7.28,-6.12,-5.22,-4.5,-4.26,-4.63,-4.48,-4.01,-3.27,-2.24,-1.84,-0.9,2.53,4.17,3.98,3.69,3.45,1.73,0.02,0.13,0.62,-1.51,-4.79,-8.08,-4.41,-4.21,-9.55,-8.78,-5.75,-5.58,-5.07,-5.26,-7.23,-6.87,-7.37,-6.56,-5.93,-5.87,-7.05,-9.37,-11.94,-8.34,-6.77,-7.05,-9.31,-12.01,-14.12,-10.84,-7.06,-7.48,-7.08,-6.51,-5.28,-5.97,-7.3,-5.03,-7.04,-8.73,-8.15,-6.81,-6.42,-4.93,-5.22,-7.12,-7.04
-3.53,-3.07,-2.87,-3.2,-1.91,-2.23,-3.0,-3.77,-5.43,-5.55,-5.77,-6.58,-5.83,-6.47,-7.37,-6.85,-5.73,-5.39,-4.54,-2.61,-1.44,0.04,-2.08,-0.85,-1.68,-2.64,-0.5,0.86,2.65,4.66,6.38,5.78,5.12,3.17,2.02,2.11,0.4,-2.02,-4.93,-6.57,-8.59,-9.49,-10.36,-9.15,-6.43,-5.06,-4.36,-3.14,-3.91,-2.75,-3.01,-3.2,-2.88,-3.12,-4.35,-5.94,-7.3,-6.32,-4.87,-5.22,-8.37,-9.4,-11.89,-11.06,-9.36,-9.66,-8.81,-8.43,-10.12,-11.55,-10.08,-6.88,-3.51,-4.06,-7.4,-8.17,-8.57,-7.24,-5.19,-5.77
-2.91,-1.58,-0.86,-0.18,-1.03,-0.99,-2.23,-3.16,-3.56,-4.66,-6.15,-6.28,-6.16,-7.02,-6.36,-6.46,-6.52,-6.16,-5.41,-5.58,-6.7,-6.32,-4.67,-3.37,-2.2,-1.84,-0.67,-0.74,1.14,3.73,5.44,8.09,7.6,6.3,5.09,2.38,-0.58,-1.35,-0.46,-2.81,-3.0,-6.34,-9.3,-10.17,-8.15,-5.14,-4.69,-3.74,-2.17,-1.56,0.89,0.14,0.14,-1.7,-1.84,-1.6,-2.5,-4.56,-3.07,-2.49,-4.81,-6.92,-7.69,-10.62,-10.56,-11.47,-10.26,-7.62,-7.02,-5.93,-6.12,-3.6,-2.68,-6.98,-7.64,-8.19,-10.4,-10.41,-8.91,-5.95
-1.35,-1.13,-1.04,-0.77,-1.28,-2.37,-1.6,-2.05,-3.56,-2.77,-4.84,-6.79,-5.92,-7.5,-7.47,-6.79,-5.94,-4.75,-4.55,-5.28,-5.7,-5.72,-5.33,-4.74,-3.93,-2.61,-0.27,0.57,0.88,2.0,4.17,7.27,8.97,7.86,7.19,5.07,-0.75,-3.11,-3.35,-2.35,-2.85,-1.29,-3.33,-3.82,-4.32,-3.74,-1.96,-0.44,1.42,1.4,0.81,4.39,3.44,2.74,-0.48,-1.1,0.02,-0.5,-1.46,0.01,-0.95,-4.29,-4.22,-7.1,-8.95,-11.25,-11.74,-12.13,-8.65,-5.79,-5.45,-9.03,-10.65,-10.07,-9.45,-10.03,-10.71,-10.05,-8.38,-7.82
0.45,0.56,0.59,0.18,-0.78,-0.03,-0.43,-1.57,-2.26,-4.95,-3.1,-8.2,-6.33,-6.56,-5.96,-4.77,-4.01,-5.39,-5.83,-6.55,-6.47,-5.56,-4.88,-4.68,-4.98,-4.07,-2.37,-1.34,-0.86,0.1,2.45,4.1,7.48,8.81,7.18,7.24,1.7,-2.43,-0.43,-1.41,-0.42,-2.44,-3.47,-3.29,-0.98,1.74,2.14,2.83,4.7,3.77,3.07,3.7,1.73,-1.87,-0.83,0.19,1.58,1.92,-0.39,-0.55,2.01,-0.08,-1.62,-3.73,-4.92,-7.63,-9.47,-9.91,-8.97,-10.93,-10.4,-10.88,-10.44,-9.19,-9.32,-10.09,-10.42,-9.65,-8.27,-7.08
1.69,2.33,2.45,2.94,4.09,5.07,4.1,2.0,-1.53,-4.93,-3.98,-5.0,-6.34,-7.42,-4.31,-4.51,-4.97,-5.91,-5.47,-6.14,-7.19,-6.11,-5.25,-4.95,-5.67,-4.99,-3.76,-2.11,-1.32,0.18,2.57,4.64,5.27,8.3,6.55,6.36,3.38,0.01,-2.89,-1.18,1.17,1.27,1.2,0.61,2.65,5.25,5.11,4.79,5.9,6.07,3.72,1.39,1.35,0.69,1.67,2.81,3.26,2.76,1.65,0.22,1.17,3.41,2.64,0.29,-1.86,-2.54,-5.73,-7.21,-7.71,-8.2,-7.46,-8.38,-9.3,-8.47,-8.43,-9.03,-9.27,-8.87,-7.81,-6.2
2.77,3.85,5.41,5.36,3.8,2.72,3.21,1.9,-0.3,-3.0,-3.32,-6.18,-6.77,-6.86,-5.22,-4.73,-6.04,-7.73,-6.56,-7.12,-6.05,-5.71,-6.34,-6.78,-6.97,-6.19,-5.67,-3.86,-0.99,1.14,0.71,1.99,4.35,5.52,5.77,4.38,2.35,2.39,0.73,1.61,2.43,2.28,2.89,4.8,6.12,7.13,7.38,5.92,4.93,6.93,5.63,3.36,2.33,1.76,1.89,3.29,2.91,1.68,1.27,0.63,0.18,2.93,4.72,3.41,1.75,0.37,-1.22,-3.89,-5.1,-5.99,-6.0,-5.26,-6.2,-6.33,-5.95,-6.43,-6.3,-6.24,-5.33,-3.71
3.34,0.5,1.93,3.26,2.58,0.8,-1.45,-2.29,-2.4,-3.11,-4.78,-6.26,-7.78,-6.23,-5.97,-6.59,-9.86,-8.95,-7.38,-6.69,-6.42,-6.51,-7.08,-8.03,-9.02,-7.13,-7.42,-6.2,-7.19,-5.14,-4.16,-3.28,-0.11,1.78,2.58,2.0,-0.35,0.67,2.54,2.43,3.98,5.92,5.41,5.21,5.51,5.74,5.54,5.17,4.37,3.5,4.94,2.8,2.22,2.33,3.47,4.43,3.76,2.87,1.76,0.57,-0.05,1.06,3.86,5.74,4.59,2.8,2.97,1.72,0.7,-0.66,-2.07,-2.97,-3.21,-2.41,-2.76,-2.68,-2.63,-2.49,-2.45,-1.19
-0.18,0.81,1.02,1.5,1.75,-0.54,-3.01,-4.27,-5.39,-6.25,-5.99,-8.28,-6.98,-7.42,-7.42,-9.07,-10.12,-9.07,-7.13,-6.66,-7.06,-7.43,-8.08,-8.38,-8.21,-8.7,-7.84,-7.52,-7.76,-4.87,-5.03,-4.61,-3.84,-2.66,-4.06,0.36,3.38,-0.96,2.33,2.43,3.91,4.35,3.15,3.68,4.02,3.54,3.87,3.97,2.87,2.14,2.85,3.48,4.07,4.91,5.33,4.27,3.2,4.24,2.95,1.8,0.07,-0.96,-0.37,-0.36,1.38,2.83,4.64,6.7,4.98,6.86,2.6,1.01,1.83,0.24,0.29,0.83,0.65,0.01,0.1,0.49
0.24,0.32,-0.5,-1.5,-3.89,-5.44,-5.79,-6.97,-7.42,-6.72,-8.03,-7.35,-6.62,-6.92,-6.61,-8.59,-9.9,-9.32,-8.59,-8.55,-8.57,-8.68,-8.85,-8.82,-7.8,-9.32,-8.33,-8.65,-9.9,-6.65,-3.89,-5.07,-5.1,-4.21,-0.44,-2.67,-4.21,-0.75,1.54,3.36,2.83,3.06,3.49,3.43,3.27,3.43,3.29,2.77,2.32,3.12,3.77,4.46,5.02,5.1,3.9,2.53,2.39,1.06,2.32,3.12,1.41,-0.85,-1.16,-1.35,-2.09,-1.06,0.85,3.31,4.03,2.95,6.04,6.66,5.87,5.84,4.13,3.92,2.46,1.98,2.25,1.99
1.02,-0.26,-2.6,-3.87,-5.75,-7.28,-8.17,-8.75,-6.97,-7.39,-7.66,-6.99,-5.89,-4.64,-4.81,-7.08,-8.09,-8.6,-9.61,-9.09,-8.13,-7.6,-8.06,-8.49,-9.42,-9.2,-8.96,-7.44,-7.2,-8.26,-10.01,-10.4,-9.22,-9.9,-9.98,-7.49,-2.73,-2.88,-1.87,-0.84,-0.22,1.7,2.65,2.51,3.06,3.88,3.34,3.53,4.24,4.94,5.51,5.66,5.0,2.96,-0.15,-1.07,-1.02,0.9,2.54,3.6,3.14,4.07,5.1,4.34,2.32,1.43,1.24,1.77,2.93,2.9,4.34,7.62,7.17,4.79,6.04,5.74,4.98,3.59,2.7,3.01
1.63,-0.57,-2.23,-3.13,-5.04,-6.57,-6.67,-6.1,-6.1,-5.62,-5.26,-4.85,-3.12,-3.23,-4.87,-5.78,-6.32,-7.79,-8.64,-8.29,-8.06,-8.16,-8.43,-8.93,-10.06,-10.17,-9.68,-8.56,-7.39,-5.53,-5.34,-7.38,-7.38,-6.42,-8.77,-7.12,-3.2,-3.36,-1.24,1.23,2.41,2.8,1.42,-0.24,1.06,1.9,2.65,3.03,3.41,3.4,4.12,4.16,3.54,2.46,1.27,0.54,0.33,-0.01,1.58,2.6,2.86,3.18,3.12,4.69,6.16,6.34,6.33,6.53,6.88,6.93,7.28,7.41,6.68,3.81,4.07,5.89,4.26,2.8,2.23,0.7
2.47,0.32,-0.2,-1.79,-2.69,-3.8,-4.46,-4.03,-3.58,-4.54,-5.0,-2.83,-3.87,-4.88,-5.1,-6.24,-6.9,-6.64,-7.81,-8.08,-8.21,-8.19,-7.4,-7.2,-7.36,-7.73,-8.36,-8.27,-8.39,-7.99,-5.0,-4.23,-4.88,-5.8,-8.5,-8.5,-5.02,-4.69,-3.45,-2.27,-0.81,-0.17,-0.25,-0.84,-0.01,0.1,0.63,2.17,2.91,3.15,3.37,3.64,4.43,5.18,4.7,3.71,2.81,2.57,2.85,3.67,4.29,2.61,1.32,1.42,2.71,3.72,4.86,5.71,6.51,6.95,8.07,9.49,7.98,6.52,4.82,4.6,4.64,2.07,0.43,2.13
3.91,2.17,1.79,0.34,-1.21,-2.84,-2.42,-2.27,-2.44,-4.25,-4.19,-2.96,-3.34,-4.33,-6.46,-6.91,-6.36,-6.63,-6.61,-6.56,-6.59,-6.48,-6.17,-6.14,-6.16,-5.87,-5.89,-6.08,-6.11,-6.03,-6.33,-5.54,-3.31,-2.67,-3.32,-3.67,-4.99,-4.92,-3.8,-3.31,-2.44,-0.8,0.4,1.02,1.77,1.58,1.48,1.71,2.94,3.35,3.73,4.14,5.14,5.71,5.71,4.77,3.55,3.95,3.76,4.77,4.71,2.84,2.56,1.89,1.01,1.66,2.68,3.76,4.35,2.86,1.47,6.41,6.68,5.19,4.52,3.1,1.01,0.88,3.43,2.77
5.5,4.47,2.61,2.3,0.34,-0.45,-0.11,-0.77,-2.74,-4.84,-3.53,-2.32,-4.39,-3.96,-3.87,-4.02,-5.15,-5.26,-4.88,-4.11,-3.73,-3.61,-3.92,-3.46,-3.67,-4.05,-4.26,-4.87,-4.55,-5.24,-5.05,-3.85,-3.18,-2.91,-1.27,-1.06,-1.19,-1.08,0.07,0.68,1.45,2.19,2.93,2.68,4.57,4.92,4.89,3.95,3.03,3.21,3.85,6.1,7.06,6.88,6.94,7.02,5.36,4.55,3.86,3.49,3.44,3.28,2.92,2.32,2.84,2.78,2.62,1.7,0.32,0.14,-0.53,-0.36,2.6,2.5,2.32,-0.29,0.3,1.22,0.46,1.14
6.99,6.17,4.14,3.53,2.78,2.76,1.33,0.18,-2.39,-2.27,-1.64,-1.93,-2.76,-1.83,-1.45,-2.54,-3.73,-3.49,-2.72,-2.71,-2.56,-1.83,-1.24,-1.53,-1.47,-1.42,-1.76,-2.06,-2.32,-2.59,-3.05,-3.12,-2.63,-1.09,0.23,0.78,2.48,4.16,4.63,5.12,6.45,7.33,7.56,7.09,6.73,6.76,6.4,5.67,5.76,6.91,7.95,8.95,8.79,7.91,7.57,7.06,6.68,6.33,5.99,5.42,5.24,3.93,3.41,3.97,4.09,3.75,3.8,3.3,1.8,1.32,2.2,1.5,0.89,0.8,0.32,1.39,0.26,-0.69,0.1,0.17
8.43,7.49,7.13,7.03,5.33,4.12,1.05,0.35,0.05,-0.19,-0.56,-1.02,-0.82,-0.54,-0.33,0.05,0.29,0.53,0.04,-0.5,-1.12,-1.57,-1.4,-0.73,-0.36,0.14,0.71,0.81,0.63,0.41,0.24,-0.13,0.29,0.52,0.5,1.04,2.19,3.23,4.75,6.92,8.35,8.61,8.46,8.58,8.15,8.84,8.95,9.57,10.26,10.71,10.64,10.61,10.58,10.39,10.98,10.88,10.73,10.84,10.01,8.89,9.65,8.12,6.83,5.78,5.24,4.08,3.2,2.43,2.33,2.71,3.14,1.43,0.86,0.75,0.32,0.53,0.01,-1.02,-0.86,-0.38
9.58,9.17,9.66,10.45,7.68,4.83,2.49,2.78,2.77,2.29,0.77,-0.01,0.99,2.35,3.25,4.04,3.64,2.42,1.45,-0.12,-0.89,-1.21,-0.92,-1.1,-0.45,0.37,0.65,0.91,1.75,1.87,2.44,2.99,3.28,3.16,3.45,4.3,4.9,5.3,5.26,5.34,5.79,5.86,6.56,7.53,9.74,12.25,12.44,12.0,12.25,12.52,13.21,13.64,13.73,13.14,13.62,14.65,14.41,12.82,12.17,12.29,13.02,13.52,12.32,10.19,8.56,6.25,6.93,7.06,5.81,5.04,4.86,5.38,4.04,3.79,3.54,2.85,2.52,3.26,3.16,4.36
10.64,10.87,12.26,13.77,10.05,6.29,5.3,4.89,4.31,3.48,3.08,3.2,3.49,3.89,4.47,4.06,2.73,1.5,0.63,0.92,0.54,1.04,1.56,2.7,3.0,2.9,2.96,3.69,3.99,5.05,5.82,6.18,6.0,6.2,5.99,6.34,6.88,7.69,8.52,8.81,9.7,10.12,10.33,10.45,10.77,10.78,11.55,13.19,14.05,15.16,15.73,15.59,15.23,15.26,15.12,14.84,14.91,15.91,16.2,15.77,15.37,14.47,14.12,13.35,11.34,9.6,9.35,7.04,7.52,6.95,6.82,4.87,4.95,5.95,6.6,3.61,3.19,4.47,4.76,4.95
12.03,12.15,13.42,13.47,10.15,7.41,6.8,6.24,5.92,5.63,5.79,5.61,5.53,5.46,4.29,1.94,2.09,2.81,2.84,2.99,3.81,5.22,5.07,3.29,2.14,1.94,2.33,2.32,2.36,3.23,4.56,5.72,7.64,8.8,8.92,9.65,10.33,11.01,11.1,11.4,12.18,12.44,12.27,12.6,12.85,13.68,14.25,14.67,15.37,15.97,16.28,16.15,16.34,16.43,15.95,14.53,13.93,14.14,15.44,16.52,16.06,15.19,14.76,14.35,13.87,14.61,11.96,11.08,10.06,8.95,7.43,6.51,6.91,7.88,7.45,7.86,6.61,5.15,4.36,2.96
14.03,13.51,13.75,12.52,9.72,8.53,7.48,7.51,7.82,8.6,8.68,8.44,7.51,5.74,4.0,3.91,4.21,4.33,5.15,5.71,5.45,4.56,3.32,2.69,3.12,3.54,2.74,3.0,3.65,4.6,5.56,6.54,7.3,8.88,10.95,12.58,13.41,13.54,13.55,13.78,13.81,13.62,13.62,14.39,15.1,15.76,16.61,17.41,18.29,19.1,19.93,20.25,19.86,18.84,18.43,18.11,18.44,17.6,16.59,15.71,15.73,15.72,15.38,14.45,13.89,13.29,15.76,15.37,15.24,12.66,9.78,8.4,8.39,8.39,9.32,8.38,6.83,5.71,4.35,3.64
16.25,15.04,13.9,12.4,10.62,9.68,8.64,8.99,9.78,10.01,9.49,7.73,5.43,4.5,5.1,6.15,7.01,7.01,5.83,4.3,4.01,4.09,4.59,5.3,6.0,6.43,6.85,7.42,8.08,8.19,8.12,8.33,8.02,7.64,7.67,8.87,11.14,13.59,15.37,16.27,16.16,15.98,16.2,16.68,16.95,16.93,17.38,17.66,18.17,19.05,19.99,20.87,21.62,21.94,22.47,22.84,21.13,20.14,19.95,19.26,18.15,16.9,15.74,14.83,13.86,11.52,12.45,9.81,10.21,12.65,11.32,10.47,10.08,10.05,9.49,8.73,7.11,6.15,5.25,5.03
16.35,16.04,13.77,12.37,11.85,11.06,10.59,10.43,9.88,8.17,5.65,4.68,5.7,7.18,8.2,8.66,7.75,6.51,5.75,5.5,5.65,6.51,7.56,8.78,9.84,10.86,11.62,11.74,11.9,11.92,11.53,11.54,11.39,10.53,9.72,9.77,10.37,11.4,12.82,14.71,17.18,19.1,20.8,20.89,21.05,21.06,21.51,21.44,21.26,21.26,21.39,21.51,21.58,21.62,22.08,22.05,22.83,25.49,26.08,24.15,22.52,20.5,19.95,18.96,17.7,16.58,14.8,13.14,12.03,12.66,12.12,12.09,12.28,11.55,10.5,10.45,9.59,8.4,7.23,6.14
15.01,15.74,13.83,12.21,12.89,12.92,12.45,11.68,9.28,7.05,6.08,6.44,7.2,8.24,8.88,8.53,7.65,7.31,7.05,6.95,7.15,7.61,8.44,10.01,12.01,13.57,14.41,14.71,13.95,12.91,12.84,13.9,13.97,13.93,14.2,14.44,14.53,15.18,16.16,17.46,18.87,20.11,20.85,21.66,23.16,23.46,24.03,24.27,24.2,24.34,24.5,24.79,25.41,25.62,25.42,25.35,25.36,25.07,24.78,25.49,25.96,26.15,24.34,22.04,22.14,21.47,20.18,18.93,16.6,14.43,12.6,13.3,14.6,13.36,11.56,10.25,10.56,10.96,10.45,9.26
15.27,14.74,13.48,12.27,13.07,13.85,13.38,12.34,9.82,8.77,8.35,8.36,8.76,9.37,9.4,9.3,9.44,9.46,8.95,8.55,9.24,10.57,11.66,12.61,13.2,13.57,13.26,12.45,12.21,13.32,14.66,15.18,16.0,17.2,17.41,16.93,17.67,18.41,18.69,18.91,19.29,20.02,21.18,22.76,23.06,22.53,23.39,22.71,22.33,22.95,24.54,24.81,26.02,26.26,25.42,26.47,27.32,26.77,26.92,26.12,24.72,24.81,25.06,26.49,25.7,23.35,20.9,20.23,19.39,17.89,16.21,13.73,13.73,15.32,14.62,14.05,14.17,14.2,14.34,14.64
15.98,15.5,13.72,12.55,12.91,13.33,13.73,13.52,12.88,12.58,12.8,13.0,12.87,12.96,13.18,13.3,13.25,13.11,13.38,14.26,15.3,16.03,15.95,15.08,14.65,12.7,11.61,12.86,13.97,14.58,15.54,16.65,17.56,18.3,19.11,20.77,21.79,22.4,22.47,22.6,22.43,22.01,21.58,20.83,20.38,19.8,19.83,20.23,20.23,20.26,20.52,20.96,21.66,22.4,23.7,25.39,25.83,25.66,26.39,27.54,27.79,27.06,25.33,25.03,25.12,25.37,24.38,22.3,19.75,18.72,18.47,16.73,15.81,17.43,16.23,12.56,10.53,11.35,12.83,13.55
17.25,17.06,15.7,14.56,13.95,13.84,14.51,15.43,16.26,16.86,17.23,17.2,16.92,16.59,16.86,16.84,17.13,17.75,18.13,18.74,19.04,18.89,17.78,16.21,15.5,13.56,14.48,15.21,15.6,17.26,18.6,18.99,19.73,21.65,23.74,25.16,25.9,25.95,26.13,26.56,25.84,24.63,22.9,22.02,22.09,22.57,22.44,22.27,22.07,21.92,21.49,21.05,20.79,20.83,21.18,21.57,21.83,22.71,23.67,24.95,26.24,27.28,27.99,27.16,25.56,24.99,24.9,23.01,21.86,19.8,18.97,18.22,17.59,15.69,15.48,14.84,13.98,13.78,13.8,13.27
15.73,18.44,19.09,18.03,17.26,17.0,17.13,18.04,19.42,20.77,21.67,22.14,22.16,21.98,21.73,21.08,20.31,19.97,20.15,20.55,20.76,20.21,19.12,17.4,16.88,18.64,19.03,19.81,20.62,21.01,21.18,22.28,24.21,24.92,25.36,25.59,26.1,26.9,28.52,28.01,27.48,26.03,24.64,24.04,24.33,24.73,24.42,23.72,22.58,22.64,22.23,21.87,21.52,21.1,20.63,20.18,20.31,20.95,21.48,22.12,22.75,24.83,26.22,27.45,27.04,25.49,25.03,24.38,23.92,23.19,21.92,20.82,20.73,19.51,19.45,19.33,18.35,17.58,16.26,14.75
17.26,18.47,20.51,21.43,20.73,20.55,21.27,22.14,23.16,24.44,25.47,26.25,26.31,26.25,25.71,24.77,23.83,23.49,23.38,22.94,22.27,21.3,20.63,21.96,23.92,24.4,23.2,23.54,24.08,23.9,24.44,24.96,25.72,26.35,25.95,25.65,25.84,26.92,28.5,29.68,29.28,28.29,25.85,25.44,25.0,23.99,22.38,21.09,21.42,22.02,22.23,21.86,21.54,21.35,21.05,20.63,20.39,20.34,20.69,21.43,21.78,21.57,22.22,24.65,26.85,27.14,24.65,24.03,24.7,25.17,23.79,22.91,21.99,21.73,21.11,20.48,19.59,18.24,16.94,15.82
