data/2016040900_500.json
{"header": { "discipline":0, "disciplineName":"Meteorological products", "gribEdition":2, "gribLength":73961, "center":7, "centerName":"US National Weather Service - NCEP(WMC)", "subcenter":0, "refTime":"2016-04-09T00:00:00.000Z", "significanceOfRT":1, "significanceOfRTName":"Start of forecast", "productStatus":0, "productStatusName":"Operational products", "productType":1, "productTypeName":"Forecast products", "productDefinitionTemplate":0, "productDefinitionTemplateName":"Analysis/forecast at horizontal level/layer at a point in time", "parameterCategory":2, "parameterCategoryName":"Momentum", "parameterNumber":2, "parameterNumberName":"U-component_of_wind", "parameterUnit":"m.s-1", "genProcessType":2, "genProcessTypeName":"Forecast", "forecastTime":0, "surface1Type":100, "surface1TypeName":"Isobaric surface", "surface1Value":50000.0, "surface2Type":255, "surface2TypeName":"Missing", "surface2Value":0.0, "gridDefinitionTemplate":0, "gridDefinitionTemplateName":"Latitude_Longitude", "numberPoints":65160, "shape":6, "shapeName":"Earth spherical with radius of 6,371,229.0 m", "gridUnits":"degrees", "resolution":48, "winds":"true", "scanMode":0, "nx":360, "ny":181, "basicAngle":0, "subDivisions":0, "lo1":0.0, "la1":90.0, "lo2":359.0, "la2":-90.0, "dx":1.0, "dy":1.0 }, "data":
[rows 35 to 69 of 181, columns 234 to 311 of 360]
15.72,14.89,11.77,14.66,17.02,18.41,19.68,19.98,19.69,19.41,19.22,18.09,19.45,21.04,20.23,19.98,20.48,20.7,21.36,21.27,19.71,17.94,16.85,15.9,14.35,13.19,12.56,11.86,10.95,9.79,8.27,6.04,4.11,2.9,1.45,-0.21,-1.14,-3.01,-4.11,-2.12,0.76,1.31,1.25,1.43,1.05,-0.13,-0.27,0.05,-0.02,-0.27,0.55,-0.66,-1.34,-0.41,2.21,0.74,0.81,-1.04,-0.93,0.34,0.59,0.75,-1.69,4.77,10.69,11.56,10.48,14.28,17.33,17.66,20.03,22.47,22.66,22.64,22.94,23.92,25.09,26.42
29.0,26.17,24.32,21.05,19.18,18.44,24.82,25.74,22.53,23.15,26.25,27.91,26.0,26.62,25.56,24.15,22.76,21.89,21.55,21.71,21.36,20.08,18.27,16.44,14.59,13.31,12.31,11.63,10.82,9.38,7.91,6.05,4.28,2.74,0.58,-0.9,-2.73,-5.08,-4.19,-0.24,1.6,2.26,2.3,1.8,0.8,-0.28,0.03,0.58,0.89,1.14,2.29,0.85,0.13,-0.13,2.38,4.23,2.41,0.8,1.11,1.47,1.32,3.17,1.06,9.19,14.16,13.71,11.31,14.2,19.06,15.6,15.33,17.82,19.6,19.57,20.3,20.74,21.32,22.37
38.17,41.73,40.48,38.06,32.84,23.04,28.12,28.16,28.83,29.73,31.7,27.84,23.36,23.73,25.0,23.21,22.38,22.11,21.48,20.99,21.36,20.89,19.48,17.53,15.18,13.62,12.63,11.88,11.22,9.83,8.29,6.85,4.42,2.31,0.28,-1.79,-5.01,-5.35,-0.57,2.62,3.46,3.64,3.87,3.02,1.21,0.22,0.71,1.32,1.85,2.78,4.06,3.53,2.2,2.33,5.57,6.21,4.47,1.98,2.05,2.29,1.87,7.83,7.55,15.05,16.93,15.38,11.8,16.62,17.7,14.45,11.13,13.27,16.76,18.11,18.31,18.93,19.21,19.41
30.5,32.39,34.84,35.95,34.66,29.56,30.59,29.39,30.35,34.13,35.47,28.83,24.08,24.47,24.58,23.22,21.87,20.52,19.86,20.11,20.23,20.2,19.23,18.09,16.14,14.18,12.95,12.78,12.39,11.19,9.55,7.65,4.79,2.52,0.27,-3.23,-5.04,-1.08,3.03,4.84,5.27,5.62,5.33,4.25,2.32,1.73,2.16,2.69,2.79,3.83,4.85,5.04,5.97,7.77,8.77,5.62,4.13,3.62,4.23,4.01,3.79,9.43,13.83,18.34,19.1,18.09,12.55,16.65,18.82,12.47,9.71,11.37,14.82,16.33,16.25,16.52,17.14,16.9
24.56,26.55,28.35,28.77,28.58,27.41,24.88,28.97,31.88,33.53,34.09,31.91,25.32,24.6,25.79,24.76,22.69,20.83,19.78,19.38,19.35,19.55,19.21,17.54,16.72,14.65,14.12,13.46,13.38,12.4,10.5,8.31,5.48,2.87,0.06,-2.65,-0.48,3.6,5.83,5.89,5.57,5.92,5.36,4.41,3.6,4.0,4.37,4.5,3.94,3.87,3.6,4.11,6.54,9.42,6.71,3.56,4.39,5.27,6.45,6.81,8.64,10.44,12.82,18.89,21.02,20.42,12.24,17.2,17.6,12.01,11.63,12.15,14.09,14.93,15.49,15.65,15.74,16.17
14.76,14.97,17.61,20.08,23.29,23.04,26.7,27.2,28.98,29.35,27.23,26.28,17.35,19.05,21.76,23.77,23.48,21.99,20.93,20.18,19.45,19.53,19.73,18.35,17.29,16.21,15.15,14.64,13.8,12.98,11.26,9.36,5.86,3.11,0.52,0.63,4.3,6.97,7.72,7.15,6.09,5.39,4.73,5.17,6.34,6.71,6.48,5.73,4.34,3.9,2.95,5.36,8.03,4.89,2.71,2.35,2.7,3.95,6.71,7.61,9.46,8.44,17.64,21.18,19.07,20.54,12.76,18.12,17.99,13.84,10.42,11.17,11.8,11.8,12.14,12.67,13.28,14.01
8.2,10.19,13.04,18.43,22.56,25.14,23.09,22.95,21.81,21.44,20.38,20.03,17.19,14.9,17.77,17.57,19.08,19.08,19.62,20.25,19.45,19.36,19.48,19.97,18.44,17.45,16.61,16.2,15.4,14.32,13.02,10.68,7.48,4.33,2.42,4.38,7.93,9.18,9.08,8.01,7.36,7.86,8.07,8.31,8.33,7.83,7.22,6.32,4.98,3.4,3.54,5.13,2.57,1.07,2.14,1.17,1.95,2.96,5.42,7.76,8.74,8.9,17.89,18.23,19.6,18.0,11.18,16.53,16.49,14.02,9.26,8.78,9.15,9.03,9.51,10.07,10.49,11.2
11.36,14.33,16.8,16.32,17.46,18.72,16.23,15.11,14.52,14.02,14.07,14.71,13.91,11.29,14.31,13.33,14.41,15.23,16.8,17.85,18.69,18.76,19.13,19.37,19.91,18.74,17.56,17.34,16.95,16.07,15.36,13.52,9.89,6.59,5.35,6.5,8.51,8.49,7.4,7.42,7.5,6.5,6.36,7.81,8.34,7.84,7.43,6.95,6.32,3.7,3.54,2.66,1.71,2.34,2.59,3.84,3.06,4.22,7.23,7.12,4.49,13.81,16.68,19.66,18.32,12.84,9.62,14.66,11.81,11.63,9.62,8.24,6.79,6.43,5.31,4.87,5.03,5.58
10.37,9.45,9.92,11.63,10.67,8.6,9.32,9.02,8.04,7.92,8.61,8.88,10.07,10.51,11.68,10.98,12.88,14.13,15.11,16.3,17.73,18.12,18.83,18.58,19.4,19.12,17.89,17.9,18.17,18.06,17.45,16.92,13.6,9.91,7.33,7.18,6.29,7.13,9.56,13.14,13.97,12.57,11.44,10.47,8.7,7.37,7.02,7.45,7.37,5.65,4.04,2.45,0.91,3.65,4.52,5.37,6.16,7.98,9.52,7.46,8.79,17.29,18.1,19.73,13.39,11.3,8.4,15.06,8.64,10.14,10.66,7.78,5.21,3.65,0.97,0.09,0.16,-0.01
2.88,4.83,6.4,6.03,5.06,4.22,3.63,2.3,1.5,3.06,4.09,4.92,6.86,7.7,8.41,9.09,10.28,11.25,12.6,13.78,14.86,15.93,17.07,17.13,17.44,18.17,18.0,18.8,19.54,20.1,20.28,19.97,18.32,13.37,11.02,6.98,6.31,6.37,6.03,8.26,12.17,14.78,13.51,10.93,7.89,6.36,6.28,6.64,7.68,9.57,8.4,5.8,4.66,5.11,6.34,8.68,10.74,8.63,8.78,8.12,19.62,15.99,19.48,15.54,9.57,11.56,9.98,13.78,8.5,10.46,10.31,6.54,3.91,1.24,-2.72,-5.59,-7.87,-7.67
0.76,2.22,2.26,1.23,0.67,0.61,-0.05,0.44,-1.08,0.36,0.16,1.79,2.1,3.53,4.32,5.78,7.72,9.01,8.99,11.6,12.41,13.38,14.03,15.9,16.28,16.87,18.48,19.43,20.58,21.58,22.51,22.93,23.03,19.34,14.48,10.66,8.8,5.48,5.16,4.08,6.87,10.3,13.03,12.49,9.85,8.21,8.04,8.73,9.42,9.99,11.67,11.48,10.18,11.12,9.54,9.77,10.39,8.17,10.3,14.18,23.02,16.05,19.26,12.99,8.94,10.51,13.52,12.41,8.39,10.77,8.46,5.23,2.98,-0.04,-4.14,-7.66,-9.27,-9.96
0.55,0.28,-0.53,-1.92,-1.56,-0.46,-0.82,-1.52,-1.73,-2.29,-2.3,-2.98,-1.37,0.1,3.25,5.08,7.42,8.6,9.14,7.51,10.61,11.86,12.84,13.75,15.14,15.91,17.52,18.92,20.38,22.14,23.99,26.07,27.4,25.79,19.74,16.27,12.93,7.01,3.52,1.81,3.58,5.94,8.92,14.04,15.89,14.45,13.39,12.9,13.04,13.28,14.05,14.33,13.33,15.62,11.42,11.38,10.9,10.51,13.34,25.47,17.64,20.88,20.32,14.74,10.29,9.0,14.44,12.14,8.33,9.84,6.94,4.42,2.6,1.14,-1.42,-2.19,-1.11,-0.13
-3.91,-4.57,-5.64,-5.27,-2.99,-2.77,-2.34,-0.75,-0.18,-1.04,-2.11,-2.46,-2.6,-0.39,1.73,2.9,3.15,4.08,6.94,8.24,9.2,11.25,12.34,12.55,13.22,14.21,16.14,17.42,20.06,23.02,25.8,28.22,30.13,30.91,28.03,22.4,19.52,12.09,6.89,3.78,4.53,8.33,11.06,15.39,19.31,20.15,19.01,17.88,17.51,18.25,18.57,17.12,16.9,17.36,14.35,14.47,13.38,13.62,19.18,25.66,18.42,21.77,19.78,17.42,12.57,11.99,14.14,11.33,9.14,8.62,5.84,5.09,2.64,3.68,1.51,0.23,1.5,1.24
-9.66,-9.59,-9.21,-7.93,-8.56,-7.47,-4.95,-3.54,-0.59,-0.73,0.39,-0.78,-2.7,-1.48,-1.85,-2.08,-0.74,0.28,1.97,5.04,7.86,9.75,10.73,11.74,11.68,13.41,15.41,17.04,19.61,22.66,25.83,28.55,30.64,32.79,34.12,30.93,26.93,23.29,17.94,14.99,11.18,8.63,10.08,13.13,16.88,20.67,19.74,18.39,18.07,18.94,19.44,19.68,19.63,19.19,18.07,17.01,14.38,17.33,22.84,16.62,17.53,19.75,19.72,18.03,14.19,13.53,12.17,10.52,10.21,8.45,6.1,6.25,4.62,5.2,5.17,2.88,2.37,3.6
-13.17,-13.13,-12.11,-12.12,-10.75,-12.02,-8.71,-9.08,-7.79,-5.62,-4.3,-4.44,-4.06,-3.1,-4.45,-4.87,-3.49,-3.35,-2.95,0.05,2.68,5.72,9.12,10.5,11.38,12.72,14.69,16.76,18.28,20.46,23.55,27.08,31.31,34.24,36.33,37.88,34.72,30.2,27.01,23.94,17.41,13.98,13.48,12.59,16.87,19.28,17.35,16.22,16.46,16.47,17.53,17.62,18.06,18.48,18.0,17.17,16.28,22.64,22.39,15.94,18.96,22.21,20.57,16.04,14.75,12.96,10.99,10.38,10.16,9.55,7.22,7.58,6.97,7.17,8.18,7.57,5.28,8.45
-8.73,-9.56,-9.32,-7.47,-6.66,-7.25,-8.17,-7.03,-8.87,-9.75,-8.23,-5.86,-11.16,-9.26,-6.83,-7.46,-7.78,-6.14,-4.65,-0.21,2.85,3.02,7.34,10.89,12.39,12.77,13.51,15.33,17.84,19.33,21.4,24.55,28.58,32.67,35.99,37.61,39.48,38.18,32.29,27.4,23.19,19.75,17.76,15.72,18.15,20.96,18.59,16.47,14.19,14.03,12.9,12.54,13.06,14.44,16.68,17.61,23.0,25.47,18.56,26.06,19.83,23.82,19.01,15.74,15.4,12.85,10.93,10.56,10.58,9.18,8.09,8.87,9.07,8.72,9.3,9.22,7.73,9.43
-5.49,-6.35,-8.82,-9.27,-6.55,-4.57,-4.98,-6.06,-9.01,-10.71,-12.57,-11.86,-8.75,-8.95,-8.66,-9.76,-11.92,-9.52,-5.6,-0.89,-0.71,2.53,4.66,7.0,8.9,11.59,13.52,14.93,16.15,18.71,21.02,24.07,26.97,29.45,32.27,36.06,39.36,40.96,40.52,34.03,25.31,20.24,20.16,18.1,20.06,21.88,20.17,17.02,15.61,13.13,13.07,13.08,14.24,15.94,16.14,21.64,26.65,23.71,32.23,24.42,24.1,21.19,17.11,16.66,16.18,13.34,11.54,10.94,10.51,8.73,8.32,9.54,10.2,9.68,9.26,7.8,7.39,8.11
-10.21,-8.85,-9.36,-10.2,-9.13,-6.6,-7.4,-9.07,-6.31,-5.48,-7.38,-7.03,-8.83,-6.06,-5.18,-3.73,1.93,1.27,-1.38,-1.93,-3.22,1.01,0.71,3.75,6.24,8.94,12.3,14.98,16.89,18.1,20.92,24.08,27.21,29.45,31.35,34.2,37.47,39.84,41.04,40.23,35.98,27.92,23.33,21.72,19.44,20.82,19.85,18.73,18.49,17.52,16.69,16.03,14.88,16.12,20.7,27.41,24.72,30.82,19.01,20.02,23.51,19.5,17.66,18.24,16.27,13.65,11.99,11.34,10.49,8.62,8.25,9.19,9.58,9.03,7.91,6.28,6.48,5.89
-11.82,-11.1,-12.2,-10.31,-9.01,-6.34,-7.17,-3.94,-3.8,-3.12,-5.23,-6.46,-5.29,-4.56,-3.45,-3.24,1.91,4.05,2.36,3.06,4.57,6.5,4.67,1.92,3.1,4.9,9.83,13.15,15.17,18.11,22.04,24.88,26.99,28.7,30.93,33.73,36.65,38.57,39.38,40.62,41.86,39.55,33.26,27.48,22.08,20.49,21.21,21.54,20.03,18.82,19.87,17.12,17.91,23.63,29.0,24.19,28.25,17.43,13.37,20.79,22.96,21.59,20.61,17.86,15.84,14.42,12.36,11.59,10.31,8.82,8.46,8.7,8.87,8.07,6.81,5.87,6.08,5.3
-8.53,-12.02,-11.73,-13.5,-13.59,-8.97,-4.53,-3.58,0.27,1.71,1.28,1.02,-1.66,-3.12,-0.55,0.5,1.97,4.99,0.18,3.86,6.04,8.25,12.38,10.46,0.51,4.53,6.44,10.62,12.82,14.41,17.9,22.21,25.06,27.25,29.69,32.29,34.77,37.14,39.33,40.81,41.41,42.23,41.64,40.89,33.85,29.63,27.6,24.08,21.99,18.84,19.21,21.55,27.27,33.1,28.05,27.9,18.64,21.1,27.64,25.06,25.41,24.03,20.42,18.12,16.23,15.01,12.26,11.37,10.0,8.94,6.85,7.52,7.86,7.13,6.64,6.6,5.89,4.09
-4.4,-4.39,-3.17,-3.13,-3.29,-2.71,-0.71,-1.59,0.23,-0.51,0.98,0.19,-0.06,1.14,2.59,3.41,2.33,1.24,6.98,5.02,7.86,7.64,10.14,13.62,12.19,10.23,2.59,10.55,10.63,13.53,14.93,17.05,19.39,23.0,27.44,30.49,32.79,34.44,36.14,38.83,41.28,42.93,46.59,46.75,46.29,46.29,43.06,37.98,36.5,35.44,37.58,40.57,41.43,39.83,35.13,26.1,27.74,29.36,29.47,27.63,25.36,23.07,19.96,17.98,15.87,13.94,11.22,10.98,10.05,8.89,5.95,5.15,4.94,5.4,6.01,6.45,5.77,4.92
-10.05,-7.33,-4.62,-2.72,-0.69,1.04,1.71,3.81,5.55,5.62,4.95,3.92,5.12,5.0,4.0,5.24,4.93,7.99,8.72,8.03,9.7,10.43,12.59,14.06,16.59,15.4,16.56,11.09,5.08,10.69,12.36,13.72,16.67,19.61,23.61,27.45,30.01,31.61,32.95,35.03,37.22,40.12,42.72,44.81,46.29,48.98,50.37,50.32,50.37,50.95,52.2,50.63,46.75,44.07,31.29,34.43,32.86,32.37,29.84,26.99,24.46,22.0,18.88,16.64,14.47,12.88,11.11,10.98,10.11,8.99,6.58,4.08,3.77,5.28,6.39,6.53,4.55,6.26
-9.46,-8.63,-6.55,-4.34,-1.87,1.31,4.87,7.01,8.15,8.33,8.02,8.31,6.76,5.55,4.94,5.17,5.05,2.42,11.33,6.8,9.4,10.75,12.33,14.78,15.53,16.23,15.86,16.96,17.23,6.47,9.31,12.43,14.8,16.85,19.32,21.91,25.0,27.15,29.64,32.77,34.78,36.02,37.63,39.88,42.43,45.39,48.05,49.6,50.77,50.2,49.83,47.45,44.43,39.32,33.17,35.28,33.75,30.24,27.21,25.53,23.75,20.04,18.32,15.48,13.58,12.74,11.44,10.82,9.79,8.95,7.77,5.8,5.04,5.57,6.92,5.81,5.47,5.95
-0.53,1.34,0.15,-0.3,2.03,4.49,5.98,8.06,10.15,10.65,7.91,7.29,7.75,7.73,7.42,7.92,5.73,5.6,9.51,11.72,11.29,13.05,11.46,11.7,15.62,19.63,17.76,17.12,18.12,20.3,15.97,8.05,13.41,17.55,17.62,18.62,20.31,20.74,23.35,26.48,29.56,32.27,34.42,35.74,36.77,39.03,41.56,43.6,44.87,44.93,43.66,41.0,37.72,35.84,35.77,32.6,29.12,26.87,26.01,25.03,23.06,20.7,18.23,15.18,13.07,12.3,11.38,10.62,9.72,8.95,8.42,7.82,6.03,6.09,6.18,6.31,6.86,6.84
7.72,8.89,10.18,7.06,7.11,8.23,9.91,10.61,10.58,12.4,13.69,10.87,10.78,10.59,11.27,11.03,10.82,9.52,7.06,9.86,13.11,14.34,14.19,12.23,15.36,16.17,19.01,21.69,21.6,21.09,22.35,22.29,18.27,14.04,18.32,17.9,17.71,19.0,21.25,23.11,24.57,26.07,27.7,29.17,30.76,33.08,37.05,38.92,39.34,37.24,35.39,35.93,35.15,32.49,30.0,28.01,26.86,26.41,25.21,24.02,22.29,20.44,18.01,15.0,12.93,12.05,11.53,10.51,9.93,9.1,8.69,8.47,7.72,7.47,7.01,7.49,7.88,9.16
14.96,15.49,12.64,13.94,14.7,13.89,13.45,13.34,13.27,12.93,14.93,16.08,14.5,13.96,13.86,14.24,14.17,12.39,9.03,3.48,6.65,9.73,18.4,16.84,14.08,16.97,19.02,20.48,22.95,22.16,21.85,21.28,19.27,14.76,13.81,16.18,17.85,18.39,18.84,19.86,21.3,22.46,23.58,24.3,24.9,26.49,28.39,31.0,30.5,31.58,32.01,30.32,29.4,29.2,28.47,27.66,26.14,24.53,22.89,21.24,19.41,17.5,15.61,13.33,11.91,11.45,10.62,10.16,9.92,9.0,8.87,8.9,9.1,8.94,8.41,7.8,9.03,9.63
22.81,16.25,20.25,22.6,22.37,19.92,17.62,16.83,15.44,14.87,15.7,17.46,19.24,17.64,18.26,17.53,16.39,14.41,12.78,9.93,3.99,7.25,17.96,16.6,14.18,16.38,16.31,17.2,18.66,20.14,20.03,20.47,18.94,16.22,13.99,13.61,14.3,15.81,17.14,18.02,18.83,19.82,21.44,22.61,23.1,23.47,26.1,25.05,25.97,26.36,27.35,28.71,29.1,28.06,26.17,23.71,22.58,21.13,19.68,18.06,17.15,15.24,13.37,12.0,10.99,9.98,9.51,9.42,9.25,8.82,8.56,8.91,9.45,9.49,8.6,8.86,9.42,8.42
34.64,34.68,31.97,29.38,26.8,23.74,21.54,19.67,18.16,16.6,16.57,17.78,19.6,21.16,19.01,17.49,16.77,15.36,14.24,13.44,11.95,10.38,16.88,20.74,15.24,17.23,15.71,15.1,17.02,18.49,18.63,19.45,19.16,18.23,15.75,14.4,14.41,14.63,14.91,15.51,16.4,17.67,19.27,20.37,20.7,21.4,22.49,24.41,25.8,26.0,25.59,24.72,23.05,21.55,20.12,19.38,18.56,17.14,16.65,15.62,14.22,12.76,11.53,10.64,9.75,8.89,8.36,8.4,8.48,8.62,8.62,9.18,8.82,8.19,8.45,9.7,8.31,8.16
33.21,33.06,31.57,30.15,27.68,25.42,23.3,21.48,19.82,18.15,17.03,17.36,18.54,18.59,19.62,15.67,16.35,14.81,15.35,15.61,13.17,10.92,17.86,24.09,17.58,16.14,15.53,13.14,14.73,17.26,18.12,18.06,20.08,22.5,23.03,18.74,15.6,14.6,14.6,15.3,16.3,17.33,18.19,18.84,19.62,20.03,20.02,20.79,21.18,21.08,19.73,17.68,16.71,15.82,15.27,14.81,14.34,13.71,13.04,12.17,10.81,10.07,9.94,9.68,8.88,7.79,7.21,6.99,7.44,7.9,7.65,7.48,8.16,7.93,8.68,8.46,8.29,6.72
32.18,31.52,30.88,29.32,27.48,25.2,23.39,21.73,19.96,18.53,16.96,16.19,16.99,17.7,18.93,15.88,15.69,15.29,16.62,16.08,16.35,9.59,9.36,19.49,19.49,18.35,16.04,13.15,13.42,15.35,17.18,17.48,17.56,18.62,19.15,18.54,16.17,15.54,15.14,15.53,16.21,16.23,15.47,14.88,15.42,16.5,16.86,16.97,16.24,15.14,13.51,13.06,12.8,12.74,12.35,11.72,11.37,11.14,10.8,10.24,9.36,8.98,9.1,8.94,8.62,8.09,7.02,6.13,6.24,6.21,6.67,6.16,6.51,6.61,7.66,7.58,7.5,6.02
28.62,28.26,27.33,26.57,25.31,23.83,22.13,20.48,19.03,17.78,16.89,17.12,18.0,17.31,16.48,16.29,15.88,16.83,17.3,16.44,17.05,8.01,8.57,9.04,15.02,12.15,16.98,9.33,10.68,14.04,16.12,15.76,13.68,13.05,13.67,14.62,15.48,15.14,14.74,14.43,14.0,13.08,12.3,12.01,12.41,13.03,13.43,13.65,12.95,12.24,12.62,13.53,13.95,13.68,12.76,11.96,11.5,11.05,10.65,10.76,10.26,10.22,9.78,9.91,9.61,9.41,9.42,8.18,6.84,4.87,5.16,4.97,4.14,5.39,6.33,7.49,7.46,6.91
25.58,25.09,24.67,23.88,22.56,21.1,19.68,18.47,17.29,16.86,17.89,19.23,18.74,17.06,16.11,16.8,16.13,17.23,16.09,16.82,16.89,15.48,15.42,11.99,6.84,17.94,23.22,16.59,15.26,13.68,13.06,13.38,12.35,10.83,10.98,11.48,12.62,14.11,14.92,14.44,12.99,11.1,10.73,10.27,11.43,13.22,13.94,14.96,14.81,15.24,15.91,16.53,16.85,16.53,16.39,16.27,15.79,15.11,14.33,14.04,12.83,12.08,12.04,11.06,10.37,10.21,10.1,9.85,8.88,7.36,6.76,6.8,6.25,6.19,6.71,7.9,8.02,7.13
21.86,21.47,20.97,20.14,19.15,18.17,17.04,16.16,16.59,18.55,20.28,19.57,17.81,16.91,16.88,16.3,16.4,16.7,17.17,17.23,18.54,17.98,13.69,7.0,13.26,12.08,13.9,13.73,13.12,12.87,12.6,13.02,12.76,12.1,12.84,14.03,14.61,14.13,13.88,14.05,13.78,13.38,12.3,12.3,14.7,16.17,17.61,17.63,17.74,17.86,17.94,18.35,18.61,19.17,19.75,20.11,19.9,19.26,18.87,17.53,16.31,15.44,14.83,13.6,12.15,11.29,10.86,10.62,9.66,9.61,9.28,8.68,8.29,8.05,8.22,8.14,8.09,6.65
17.75,17.15,17.03,16.39,15.56,14.82,14.69,16.03,18.49,19.94,19.05,17.74,17.49,17.35,16.16,15.65,16.85,17.76,17.7,18.14,19.59,13.74,12.07,3.06,4.23,15.96,13.12,10.61,10.62,11.16,12.34,12.35,12.44,12.49,12.9,13.23,13.66,14.08,14.02,14.09,14.13,14.6,14.43,15.85,17.57,18.12,18.03,18.49,19.29,19.91,20.11,20.59,20.84,21.54,21.33,20.8,19.82,19.9,19.93,19.2,17.37,16.04,15.28,14.66,13.67,12.19,11.07,10.23,10.16,10.27,10.19,9.95,9.32,8.86,8.67,8.28,7.28,5.79
13.2,13.3,13.01,12.63,12.59,13.68,15.68,17.66,18.27,17.58,17.52,17.28,16.66,15.64,15.24,16.26,17.09,16.92,17.03,17.83,12.93,11.97,12.08,5.11,5.1,11.01,9.41,9.62,6.26,7.56,9.43,10.37,10.53,11.24,11.59,12.29,12.47,13.08,13.87,13.29,14.68,16.12,16.91,17.75,18.09,18.45,19.05,19.54,19.6,20.33,20.65,20.17,18.91,18.3,17.74,17.48,17.02,16.91,16.74,16.13,15.09,14.47,13.68,12.45,11.73,11.15,10.62,10.01,9.74,9.97,10.02,9.33,8.52,8.37,7.68,7.03,6.19,5.12
