data/2016040900_1000.json
{"header": { "discipline":0, "disciplineName":"Meteorological products", "gribEdition":2, "gribLength":77690, "center":7, "centerName":"US National Weather Service - NCEP(WMC)", "subcenter":0, "refTime":"2016-04-09T00:00:00.000Z", "significanceOfRT":1, "significanceOfRTName":"Start of forecast", "productStatus":0, "productStatusName":"Operational products", "productType":1, "productTypeName":"Forecast products", "productDefinitionTemplate":0, "productDefinitionTemplateName":"Analysis/forecast at horizontal level/layer at a point in time", "parameterCategory":2, "parameterCategoryName":"Momentum", "parameterNumber":2, "parameterNumberName":"U-component_of_wind", "parameterUnit":"m.s-1", "genProcessType":2, "genProcessTypeName":"Forecast", "forecastTime":0, "surface1Type":100, "surface1TypeName":"Isobaric surface", "surface1Value":100000.0, "surface2Type":255, "surface2TypeName":"Missing", "surface2Value":0.0, "gridDefinitionTemplate":0, "gridDefinitionTemplateName":"Latitude_Longitude", "numberPoints":65160, "shape":6, "shapeName":"Earth spherical with radius of 6,371,229.0 m", "gridUnits":"degrees", "resolution":48, "winds":"true", "scanMode":0, "nx":360, "ny":181, "basicAngle":0, "subDivisions":0, "lo1":0.0, "la1":90.0, "lo2":359.0, "la2":-90.0, "dx":1.0, "dy":1.0 }, "data":
[rows 0 to 34 of 181, columns 160 to 239 of 360]
2.0,1.97,1.95,1.92,1.9,1.87,1.84,1.82,1.79,1.76,1.73,1.7,1.67,1.64,1.61,1.58,1.54,1.51,1.48,1.44,1.41,1.38,1.34,1.3,1.27,1.23,1.2,1.16,1.12,1.08,1.05,1.01,0.97,0.93,0.89,0.85,0.81,0.77,0.73,0.69,0.65,0.61,0.57,0.53,0.49,0.45,0.4,0.36,0.32,0.28,0.24,0.19,0.15,0.11,0.07,0.03,-0.02,-0.06,-0.1,-0.14,-0.19,-0.23,-0.27,-0.31,-0.35,-0.4,-0.44,-0.48,-0.52,-0.56,-0.6,-0.64,-0.68,-0.72,-0.76,-0.8,-0.84,-0.88,-0.92,-0.96
10.32,10.35,10.37,10.4,10.43,10.45,10.48,10.5,10.52,10.55,10.57,10.6,10.62,10.64,10.66,10.69,10.71,10.73,10.75,10.76,10.78,10.8,10.81,10.82,10.83,10.84,10.84,10.85,10.85,10.85,10.85,10.84,10.83,10.82,10.81,10.8,10.78,10.76,10.74,10.72,10.69,10.67,10.64,10.61,10.59,10.55,10.52,10.49,10.46,10.42,10.38,10.35,10.31,10.27,10.23,10.19,10.14,10.1,10.05,10.0,9.95,9.9,9.85,9.79,9.73,9.67,9.61,9.54,9.47,9.39,9.31,9.23,9.14,9.05,8.97,8.87,8.78,8.69,8.59,8.49
10.09,10.15,10.2,10.26,10.31,10.37,10.42,10.47,10.53,10.59,10.66,10.73,10.81,10.89,10.97,11.06,11.15,11.25,11.34,11.44,11.54,11.64,11.74,11.84,11.94,12.04,12.14,12.23,12.32,12.4,12.47,12.55,12.63,12.7,12.78,12.84,12.89,12.93,12.97,13.01,13.05,13.09,13.11,13.12,13.12,13.11,13.11,13.13,13.16,13.21,13.23,13.22,13.18,13.13,13.07,13.04,13.03,13.04,13.05,13.04,12.99,12.92,12.83,12.74,12.67,12.6,12.53,12.46,12.36,12.25,12.13,12.0,11.88,11.76,11.64,11.52,11.39,11.25,11.12,10.99
11.15,11.28,11.4,11.51,11.61,11.7,11.79,11.87,11.95,12.05,12.16,12.29,12.4,12.49,12.56,12.63,12.7,12.78,12.85,12.9,12.94,12.99,13.05,13.09,13.09,13.07,13.06,13.07,13.1,13.13,13.15,13.16,13.18,13.2,13.22,13.24,13.25,13.26,13.27,13.27,13.28,13.28,13.28,13.28,13.29,13.29,13.29,13.29,13.28,13.27,13.26,13.25,13.23,13.21,13.19,13.15,13.11,13.07,13.02,12.96,12.91,12.85,12.79,12.73,12.66,12.6,12.53,12.47,12.4,12.34,12.28,12.21,12.15,12.08,12.02,11.96,11.9,11.85,11.79,11.73
9.48,9.63,9.77,9.91,10.05,10.2,10.34,10.48,10.61,10.74,10.87,11.01,11.13,11.26,11.4,11.55,11.68,11.8,11.92,12.03,12.14,12.26,12.37,12.48,12.58,12.69,12.8,12.89,12.98,13.07,13.14,13.21,13.26,13.32,13.36,13.39,13.42,13.45,13.48,13.51,13.53,13.55,13.56,13.57,13.58,13.6,13.61,13.63,13.64,13.66,13.67,13.67,13.66,13.65,13.62,13.58,13.54,13.5,13.45,13.39,13.34,13.29,13.26,13.23,13.21,13.19,13.18,13.17,13.18,13.18,13.17,13.15,13.13,13.11,13.09,13.07,13.05,13.04,13.03,13.03
10.3,10.42,10.51,10.6,10.69,10.78,10.88,11.0,11.11,11.23,11.36,11.47,11.58,11.7,11.82,11.93,12.05,12.17,12.3,12.42,12.54,12.67,12.79,12.9,13.01,13.12,13.23,13.34,13.45,13.56,13.67,13.78,13.88,13.97,14.05,14.13,14.18,14.23,14.26,14.28,14.29,14.28,14.26,14.23,14.2,14.16,14.1,14.04,13.99,13.93,13.87,13.8,13.74,13.67,13.61,13.54,13.49,13.44,13.4,13.36,13.34,13.32,13.29,13.26,13.23,13.19,13.16,13.13,13.09,13.07,13.04,13.01,13.0,12.97,12.94,12.91,12.88,12.86,12.83,12.81
5.62,5.77,5.92,6.07,6.22,6.37,6.53,6.68,6.84,7.01,7.17,7.33,7.5,7.67,7.84,8.01,8.19,8.36,8.55,8.73,8.92,9.11,9.3,9.49,9.68,9.87,10.05,10.23,10.41,10.58,10.74,10.89,11.04,11.21,11.39,11.56,11.7,11.84,11.96,12.08,12.18,12.27,12.37,12.44,12.52,12.59,12.63,12.67,12.68,12.68,12.66,12.64,12.61,12.55,12.49,12.43,12.37,12.31,12.25,12.19,12.14,12.1,12.04,11.98,11.92,11.86,11.78,11.71,11.63,11.54,11.44,11.34,11.25,11.16,11.11,11.1,11.11,11.13,11.15,11.15
2.33,2.54,2.75,2.96,3.16,3.36,3.56,3.75,3.95,4.14,4.32,4.51,4.69,4.86,5.04,5.2,5.36,5.52,5.66,5.81,5.95,6.08,6.21,6.34,6.46,6.58,6.7,6.82,6.93,7.03,7.13,7.23,7.32,7.41,7.5,7.59,7.68,7.78,7.87,7.98,8.08,8.19,8.3,8.41,8.52,8.63,8.74,8.84,8.94,9.02,9.08,9.12,9.15,9.16,9.15,9.13,9.09,9.04,8.98,8.92,8.84,8.76,8.67,8.57,8.46,8.33,8.2,8.06,7.92,7.78,7.65,7.54,7.45,7.37,7.31,7.27,7.24,7.21,7.2,7.18
1.63,1.88,2.12,2.36,2.58,2.79,2.99,3.19,3.37,3.55,3.73,3.9,4.08,4.26,4.44,4.62,4.8,4.98,5.16,5.34,5.52,5.69,5.86,6.01,6.16,6.29,6.42,6.53,6.63,6.71,6.79,6.86,6.93,6.99,7.04,7.09,7.12,7.14,7.15,7.14,7.13,7.1,7.06,7.01,6.95,6.89,6.82,6.75,6.68,6.61,6.54,6.46,6.39,6.32,6.26,6.19,6.12,6.05,5.98,5.92,5.85,5.79,5.71,5.63,5.54,5.44,5.34,5.24,5.15,5.05,4.97,4.88,4.78,4.69,4.59,4.51,4.46,4.43,4.43,4.44
0.68,0.85,1.03,1.21,1.4,1.6,1.8,2.0,2.21,2.43,2.64,2.87,3.1,3.33,3.58,3.83,4.08,4.34,4.59,4.84,5.07,5.3,5.52,5.74,5.96,6.19,6.42,6.65,6.87,7.07,7.24,7.38,7.51,7.62,7.72,7.79,7.85,7.9,7.95,7.99,8.02,8.03,8.02,7.99,7.94,7.88,7.79,7.68,7.55,7.4,7.22,7.02,6.8,6.56,6.3,6.03,5.74,5.46,5.18,4.9,4.64,4.38,4.14,3.91,3.7,3.5,3.34,3.19,3.08,2.98,2.91,2.86,2.83,2.8,2.78,2.73,2.67,2.61,2.57,2.56
-0.44,-0.32,-0.19,-0.05,0.1,0.27,0.46,0.65,0.86,1.06,1.27,1.46,1.65,1.84,2.04,2.25,2.46,2.69,2.94,3.2,3.47,3.76,4.04,4.32,4.59,4.86,5.15,5.46,5.78,6.13,6.5,6.88,7.25,7.61,7.94,8.25,8.52,8.76,8.97,9.17,9.34,9.49,9.6,9.65,9.65,9.59,9.49,9.36,9.23,9.07,8.91,8.73,8.53,8.31,8.07,7.79,7.49,7.16,6.81,6.45,6.1,5.74,5.38,5.03,4.67,4.33,3.99,3.67,3.38,3.09,2.82,2.54,2.27,2.02,1.79,1.61,1.48,1.39,1.33,1.29
-2.41,-2.34,-2.23,-2.12,-2.0,-1.9,-1.8,-1.71,-1.62,-1.52,-1.39,-1.23,-1.06,-0.87,-0.68,-0.47,-0.24,0.01,0.29,0.59,0.93,1.28,1.65,2.02,2.38,2.73,3.07,3.4,3.72,4.05,4.39,4.76,5.17,5.62,6.11,6.61,7.12,7.62,8.09,8.54,8.95,9.35,9.72,10.06,10.34,10.57,10.73,10.8,10.8,10.73,10.57,10.37,10.13,9.86,9.58,9.29,9.0,8.71,8.43,8.15,7.86,7.55,7.23,6.87,6.47,6.04,5.59,5.14,4.71,4.3,3.92,3.55,3.18,2.79,2.41,2.04,1.69,1.36,1.07,0.82
-3.85,-3.83,-3.77,-3.74,-3.77,-3.85,-3.98,-4.09,-4.16,-4.18,-4.15,-4.08,-3.97,-3.83,-3.65,-3.41,-3.13,-2.85,-2.58,-2.33,-2.09,-1.83,-1.54,-1.24,-0.96,-0.69,-0.45,-0.25,-0.08,0.07,0.21,0.38,0.57,0.79,1.0,1.21,1.4,1.55,1.67,1.79,1.94,2.13,2.38,2.69,3.06,3.47,3.93,4.43,4.96,5.51,6.04,6.57,7.06,7.48,7.82,8.08,8.27,8.38,8.4,8.32,8.17,7.94,7.64,7.29,6.89,6.46,6.0,5.52,5.04,4.56,4.08,3.63,3.21,2.84,2.54,2.28,2.07,1.88,1.71,1.52
-4.23,-4.42,-4.63,-4.88,-5.14,-5.4,-5.63,-5.86,-6.1,-6.33,-6.49,-6.58,-6.63,-6.64,-6.65,-6.63,-6.59,-6.54,-6.46,-6.32,-6.13,-5.92,-5.71,-5.52,-5.34,-5.16,-4.98,-4.83,-4.73,-4.71,-4.76,-4.83,-4.89,-4.9,-4.85,-4.75,-4.56,-4.3,-4.0,-3.69,-3.37,-3.04,-2.7,-2.36,-2.02,-1.7,-1.38,-1.08,-0.78,-0.48,-0.16,0.19,0.59,1.07,1.6,2.18,2.77,3.36,3.89,4.35,4.73,5.01,5.16,5.19,5.08,4.84,4.5,4.11,3.72,3.35,3.01,2.7,2.43,2.21,2.04,1.93,1.83,1.73,1.68,1.66
-3.84,-4.19,-4.59,-5.08,-5.62,-6.15,-6.67,-7.17,-7.67,-8.16,-8.59,-8.92,-9.13,-9.29,-9.44,-9.61,-9.73,-9.75,-9.72,-9.66,-9.6,-9.61,-9.65,-9.69,-9.76,-9.82,-9.9,-9.96,-9.96,-9.89,-9.79,-9.71,-9.64,-9.61,-9.61,-9.61,-9.61,-9.58,-9.53,-9.46,-9.3,-9.03,-8.64,-8.13,-7.54,-6.89,-6.24,-5.61,-5.04,-4.54,-4.15,-3.88,-3.71,-3.64,-3.59,-3.52,-3.39,-3.16,-2.82,-2.4,-1.94,-1.47,-1.01,-0.57,-0.16,0.23,0.55,0.79,0.95,1.04,1.07,1.07,1.07,1.05,1.04,1.02,1.0,1.03,1.07,0.94
-3.12,-3.62,-4.14,-4.69,-5.31,-6.02,-6.73,-7.38,-8.0,-8.61,-9.21,-9.75,-10.18,-10.46,-10.76,-11.07,-11.36,-11.59,-11.7,-11.69,-11.68,-11.52,-11.47,-11.38,-11.33,-11.77,-11.93,-11.9,-12.32,-12.35,-12.8,-12.99,-12.88,-12.76,-12.69,-12.65,-12.49,-12.68,-13.0,-13.08,-13.18,-13.53,-13.76,-13.84,-13.89,-13.93,-13.96,-13.95,-13.89,-13.75,-13.5,-13.16,-12.76,-12.32,-11.84,-11.35,-10.87,-10.41,-9.97,-9.5,-9.01,-8.46,-7.86,-7.2,-6.5,-5.75,-4.99,-4.24,-3.53,-2.87,-2.28,-1.77,-1.35,-1.02,-0.75,-0.56,-0.38,-0.13,0.13,0.35
-2.25,-2.61,-3.22,-3.9,-4.44,-4.99,-5.69,-6.38,-7.03,-7.59,-8.15,-8.71,-9.29,-9.8,-10.19,-10.44,-10.62,-10.8,-11.13,-11.53,-11.82,-12.02,-12.15,-12.18,-12.38,-12.52,-12.6,-12.72,-12.87,-13.0,-13.12,-13.25,-13.42,-13.64,-13.78,-13.91,-14.01,-14.07,-14.16,-14.26,-14.34,-14.44,-14.57,-14.72,-14.99,-15.27,-15.44,-15.52,-15.52,-15.37,-15.25,-15.24,-15.33,-15.22,-15.03,-14.8,-14.48,-14.09,-13.62,-13.03,-12.37,-11.7,-11.06,-10.46,-9.91,-9.39,-8.86,-8.32,-7.75,-7.17,-6.62,-6.1,-5.63,-5.25,-4.88,-4.3,-4.04,-2.57,-1.6,-0.61
-1.18,-1.56,-2.11,-2.74,-3.23,-3.71,-4.4,-5.07,-5.6,-6.06,-6.65,-7.28,-7.9,-8.51,-9.11,-9.67,-10.2,-10.59,-10.81,-10.9,-11.02,-11.3,-11.68,-11.99,-12.2,-12.38,-12.59,-12.78,-12.92,-13.17,-13.54,-13.98,-14.39,-14.83,-15.2,-15.54,-15.85,-16.05,-16.24,-16.44,-16.62,-16.82,-16.9,-17.07,-17.24,-17.51,-17.6,-17.72,-17.79,-17.76,-17.64,-17.51,-17.23,-16.82,-16.37,-15.91,-15.45,-14.94,-14.49,-14.14,-13.91,-13.71,-13.41,-13.0,-12.5,-11.9,-11.28,-10.68,-10.13,-9.6,-9.08,-8.54,-7.93,-7.27,-6.25,-5.67,-5.57,-2.86,-2.76,-2.43
0.01,-0.3,-0.77,-1.48,-2.15,-2.55,-2.8,-3.15,-3.57,-4.09,-4.69,-5.35,-6.04,-6.7,-7.34,-8.06,-8.94,-9.86,-10.51,-10.64,-10.38,-10.1,-10.06,-10.39,-10.96,-11.45,-11.76,-12.14,-12.56,-12.83,-13.05,-13.33,-13.74,-14.22,-14.73,-15.21,-15.63,-16.02,-16.39,-16.68,-17.05,-17.39,-17.78,-18.24,-18.75,-19.23,-19.69,-20.04,-20.25,-20.26,-20.08,-19.85,-19.56,-19.19,-18.72,-18.12,-17.41,-16.66,-15.92,-15.18,-14.52,-13.98,-13.46,-12.91,-12.36,-11.92,-11.59,-11.24,-10.82,-10.28,-9.59,-9.1,-8.64,-7.82,-7.88,-7.91,-6.39,-5.1,-3.44,-2.76
1.2,0.95,0.41,-0.29,-0.88,-1.16,-1.16,-1.09,-1.09,-1.19,-1.53,-2.23,-3.01,-3.47,-3.68,-3.75,-3.65,-2.92,-1.78,-1.74,-2.56,-3.72,-7.44,-8.44,-8.91,-9.6,-10.32,-10.89,-11.3,-11.69,-12.14,-12.7,-13.45,-14.37,-15.02,-15.46,-15.98,-16.35,-16.56,-16.68,-16.7,-16.74,-16.86,-16.31,-16.99,-17.94,-18.94,-19.52,-20.19,-20.63,-20.93,-21.27,-21.48,-21.52,-21.38,-21.04,-20.08,-18.82,-17.59,-16.34,-15.28,-14.38,-13.68,-13.03,-12.52,-12.07,-11.61,-11.17,-10.69,-10.04,-9.18,-8.47,-7.96,-7.5,-7.31,-6.98,-8.7,-10.2,-8.12,-8.12
1.9,1.76,1.89,2.42,2.93,2.66,2.13,1.09,0.41,0.31,0.32,0.08,1.21,1.66,1.57,2.15,2.6,3.21,4.03,3.18,0.13,-4.42,-7.25,-7.3,-7.53,-8.18,-8.68,-9.6,-10.28,-10.93,-11.67,-12.5,-13.3,-14.11,-14.9,-15.39,-15.53,-15.05,-13.35,-11.88,-11.09,-10.6,-10.16,-10.39,-10.89,-12.13,-11.97,-13.12,-13.74,-15.2,-12.84,-15.51,-15.37,-18.03,-19.23,-19.88,-21.35,-22.87,-22.37,-18.33,-14.96,-13.39,-13.35,-13.29,-13.12,-12.94,-12.72,-12.47,-12.31,-12.07,-11.6,-11.41,-11.01,-10.02,-11.05,-12.31,-11.86,-10.78,-8.61,-5.84
1.12,1.38,0.59,0.2,-0.72,-0.84,-0.49,0.59,2.1,4.03,4.87,2.37,0.5,0.85,0.64,0.78,-0.94,-1.08,0.02,1.29,3.99,5.94,5.64,0.85,-3.83,-4.82,-5.18,-5.93,-6.5,-6.99,-7.44,-8.07,-9.42,-10.89,-11.18,-9.05,-6.07,-4.78,-4.9,-6.04,-6.52,-5.45,-4.37,-2.86,-1.36,-0.51,0.59,0.3,0.17,0.15,-0.83,0.41,0.17,-1.18,-1.55,-1.77,-2.45,-2.1,-2.11,-1.85,-2.83,-1.22,-4.7,-7.15,-6.87,-7.76,-8.01,-9.18,-9.16,-8.43,-9.06,-6.53,-6.89,-6.6,-5.15,-4.71,-4.15,-5.7,-8.56,-4.96
2.28,1.9,2.7,1.61,0.99,1.04,0.96,-0.11,0.06,-0.14,0.58,1.35,1.67,1.66,-0.2,-1.46,-0.64,-1.31,-0.87,-0.32,-0.7,-0.24,1.92,4.04,4.2,1.59,-1.46,-1.88,-2.22,-2.45,-2.35,-1.95,-1.28,-0.15,-1.05,-0.68,-0.34,-0.95,-2.26,-1.96,-1.71,-0.68,-1.89,-1.28,0.81,0.82,-0.13,-0.25,0.49,-0.38,-1.87,-2.55,-2.36,-2.68,-4.69,-7.38,-6.46,-5.7,-6.22,-3.07,-3.1,-4.36,-2.62,-1.99,-1.45,-1.18,-4.04,-5.46,-6.42,-7.22,-6.32,-4.27,-6.85,-7.03,-6.34,-6.47,-7.47,-8.3,-8.22,-9.33
1.53,0.88,1.17,1.85,1.71,1.77,1.06,0.44,1.17,1.72,0.49,0.05,0.52,1.29,1.21,-0.22,-1.47,-1.06,-1.35,-1.6,-2.88,-2.08,-1.19,0.62,1.13,3.4,2.4,1.72,3.14,3.3,2.82,3.29,3.6,3.45,3.09,2.69,-0.46,-2.02,-1.28,-1.08,-1.24,-1.45,-0.68,0.52,1.19,0.52,0.15,0.01,0.31,0.29,-2.09,-3.17,-3.4,-4.97,-5.53,-6.5,-6.68,-7.13,-6.81,-7.02,-6.24,-5.56,-3.67,-3.94,-3.94,-0.14,-1.23,-2.13,-4.08,-4.41,-4.51,-5.52,-6.16,-7.44,-7.43,-7.06,-6.48,-8.69,-7.98,-8.28
1.08,0.72,0.56,0.91,1.61,1.52,1.6,1.59,1.57,0.62,0.8,1.4,0.82,0.4,-0.25,0.86,0.59,-1.14,-1.17,-0.85,-1.3,-3.67,-4.12,-2.24,-2.45,-1.86,0.6,0.65,-1.02,0.91,2.53,2.67,2.4,2.46,2.51,3.08,3.42,2.27,0.92,0.24,-1.2,-1.79,-1.95,-2.51,-4.08,-4.65,-4.11,-3.88,-3.63,-3.62,-3.58,-3.81,-3.87,-2.15,-0.1,0.12,-0.35,-1.75,-2.28,-3.41,-4.28,-3.7,-4.86,-3.65,-2.92,-1.88,-1.91,-2.0,-2.52,-1.91,-1.73,-2.91,-2.76,-3.22,-5.09,-6.33,-6.33,-7.28,-8.19,-10.16
2.54,2.02,1.52,0.98,1.13,2.09,0.79,-0.47,0.6,1.84,0.37,0.16,1.08,2.17,3.7,3.59,4.53,3.72,0.4,-0.54,-2.07,-1.47,-2.0,-3.72,-3.28,-2.47,-2.13,0.62,2.49,-1.39,-2.45,-1.6,-0.57,-1.38,-1.09,0.97,1.12,-1.17,-0.01,-1.16,-2.4,-1.55,-1.0,0.57,1.14,-0.08,-1.56,-2.19,-1.95,-1.43,-0.99,0.08,0.11,-0.7,-0.24,-0.12,-1.09,-1.48,-1.66,-1.98,-3.05,-1.65,-0.99,-0.94,-1.79,1.02,1.39,0.79,-0.04,-0.09,1.22,1.52,0.49,-0.21,-0.81,-2.92,-4.07,-4.91,-6.21,-6.8
1.04,-0.12,2.17,1.17,0.06,0.94,1.04,0.26,-0.78,-0.97,-0.37,1.25,1.6,0.98,0.78,1.51,1.66,2.91,3.64,2.18,0.99,-0.02,-0.07,0.35,-0.3,-0.35,-0.27,-4.31,-4.62,-4.25,-2.48,-1.93,-0.63,0.99,-0.37,-1.66,-1.51,-2.9,-1.69,-0.16,-2.78,-1.46,-0.08,-2.3,-2.26,-1.23,-0.49,-0.89,-1.91,-1.67,-0.37,-0.38,0.02,-1.43,-1.31,-1.01,-1.31,-1.69,-0.9,0.44,-0.38,0.13,-1.09,-0.31,-0.64,0.69,0.85,1.82,1.77,1.09,-1.05,-1.05,-1.82,-2.06,0.04,-0.32,-2.24,-2.6,-4.06,-5.36
-0.63,0.72,-0.64,-1.0,-1.1,-0.36,-1.24,-1.64,-1.5,-2.31,-1.35,0.18,0.98,1.2,1.08,1.22,-0.28,-0.03,-0.16,1.74,3.55,-0.03,-0.12,-0.99,-1.69,-3.57,-4.84,-4.36,-3.52,-3.21,-3.5,-2.72,-2.78,-3.44,-3.33,-2.65,-2.51,-2.26,-1.41,-1.42,-1.78,-0.82,-1.28,-1.05,-0.94,-1.94,-3.68,-1.99,-1.25,1.01,0.25,1.57,-1.1,-0.79,-0.2,-0.41,3.13,2.22,0.9,0.78,1.23,1.51,2.7,2.87,2.48,0.97,1.43,-0.04,1.44,1.06,2.31,2.96,2.45,-1.26,-2.36,-1.42,-1.29,-2.7,-3.13,-5.43
-2.22,-2.46,-0.17,0.04,-1.4,-1.23,-0.89,-0.09,0.26,0.7,-0.58,-0.76,0.12,1.31,0.67,0.76,0.09,-1.35,-1.24,-3.64,-3.16,-2.5,-2.12,-2.01,-2.65,-3.67,-4.38,-4.31,-3.52,-3.88,-4.21,-3.79,-4.62,-4.84,-4.53,-2.87,-2.16,-5.08,-5.1,-3.72,-3.34,-3.09,-2.47,-2.38,-2.46,-0.62,-1.36,-2.47,-2.41,-0.91,-0.2,0.8,1.21,-1.74,-1.64,-2.77,3.02,1.86,1.88,-0.34,0.92,2.54,3.77,3.81,2.94,2.16,2.35,1.54,0.23,0.96,0.5,1.3,1.88,0.98,0.83,-1.2,-2.22,-1.65,-0.9,-0.54
-1.02,-1.95,-5.96,-6.25,-2.92,-1.7,0.5,0.56,1.27,1.66,0.25,-0.01,-0.94,-2.66,-2.45,-2.75,-2.78,-3.33,-5.12,-5.36,-5.02,-4.72,-3.7,-3.53,-3.4,-3.53,-3.86,-3.82,-3.6,-3.83,-4.15,-3.93,-3.23,-3.3,-5.93,-5.79,-5.0,-5.53,-6.14,-4.98,-4.53,-3.77,-2.49,-2.45,-2.87,-1.14,-2.82,-3.11,-1.09,1.29,-3.13,-3.25,-2.4,-1.8,1.81,-0.16,2.66,-0.62,0.39,1.62,3.86,1.3,-0.16,2.18,4.46,5.28,4.47,1.92,-0.27,1.86,1.65,1.61,2.64,3.53,1.56,2.71,-1.42,-2.33,-0.59,-1.6
-10.89,-8.13,-1.93,0.22,0.61,-1.44,-0.65,1.46,-0.43,-1.39,-3.25,-5.06,-5.79,-5.08,-5.23,-5.67,-6.23,-6.56,-6.68,-7.09,-6.96,-6.62,-5.33,-4.46,-3.78,-3.52,-3.58,-3.12,-3.36,-3.72,-4.65,-4.18,-3.86,-5.21,-5.83,-4.96,-5.86,-5.92,-6.71,-5.45,-4.14,-2.93,-6.68,-8.09,-10.91,-8.84,-3.59,-1.92,1.77,-2.2,-4.25,-1.04,0.58,1.84,2.65,3.55,3.61,2.66,4.01,3.72,2.07,3.36,1.44,2.37,3.38,4.91,4.38,4.9,3.83,4.72,5.09,1.52,1.32,2.58,6.76,4.51,0.74,1.43,3.33,3.63
-1.24,-1.62,-1.6,-2.54,-1.93,-4.56,-7.31,-8.58,-9.12,-9.26,-8.89,-8.31,-7.34,-6.38,-6.24,-6.41,-6.44,-7.0,-7.41,-7.55,-7.47,-7.3,-6.71,-6.28,-5.13,-3.66,-3.06,-3.08,-3.42,-3.79,-3.81,-4.29,-6.3,-7.76,-7.89,-8.59,-8.33,-9.16,-11.08,-11.53,-12.17,-9.52,-8.16,-7.94,-6.22,-5.44,-4.61,-8.63,-9.49,-7.72,-5.5,-4.36,-3.4,-2.47,-1.06,0.7,2.73,4.53,5.68,6.46,7.33,5.52,1.58,1.9,0.79,0.82,5.53,4.25,5.92,6.48,4.01,3.72,3.54,2.68,5.73,5.46,4.15,3.33,3.82,3.55
-0.13,-2.16,-2.45,-1.55,-6.12,-7.32,-7.1,-7.17,-7.64,-8.43,-8.71,-8.48,-7.55,-6.66,-5.69,-4.8,-4.69,-5.09,-6.42,-6.78,-6.91,-7.13,-7.26,-7.34,-6.99,-6.41,-6.48,-6.46,-6.88,-6.84,-7.25,-8.32,-8.97,-10.21,-11.93,-13.96,-16.13,-17.23,-17.5,-18.46,-17.81,-16.29,-13.62,-11.29,-6.87,-5.27,-7.41,-4.85,-9.34,-9.5,-9.84,-9.22,-8.06,-6.77,-5.23,-3.65,-1.64,0.83,3.28,5.19,6.41,7.15,8.55,12.68,5.33,4.53,3.06,4.91,5.87,4.5,4.71,3.23,4.59,3.43,2.72,3.64,2.56,0.15,2.1,3.27
-3.11,-2.8,-0.01,0.89,-3.88,-4.4,-4.32,-4.24,-4.21,-3.88,-3.55,-3.88,-4.82,-5.62,-5.6,-3.93,-3.23,-2.76,-3.29,-3.74,-3.73,-4.29,-5.82,-6.07,-6.02,-6.31,-6.45,-6.82,-7.31,-7.58,-8.19,-10.97,-12.32,-14.02,-14.86,-12.12,-8.39,-6.41,-5.66,-1.59,0.36,-4.74,-3.61,-1.23,-0.4,-5.29,-4.33,-4.01,-2.83,-3.83,-5.0,-6.3,-7.32,-8.3,-8.15,-6.46,-3.75,-1.56,0.07,2.0,3.6,5.05,6.7,7.51,6.79,3.04,3.71,2.01,3.34,4.52,4.08,4.71,5.32,5.38,6.44,3.07,4.04,7.25,5.77,4.83
-0.47,0.28,0.6,-1.44,-2.32,-5.89,-6.91,-6.75,-6.1,-5.07,-4.07,-3.01,-2.07,-0.96,-0.64,-2.33,-1.8,-0.79,-0.17,0.15,-0.31,-0.27,-0.65,-3.33,-4.0,-4.35,-4.9,-5.59,-6.68,-8.06,-9.65,-11.34,-11.89,-10.69,-5.43,-3.54,-2.83,-2.49,-2.31,-1.46,-1.91,3.62,3.93,3.59,2.83,2.48,2.98,2.35,2.1,1.59,1.87,1.74,0.46,-0.68,-2.17,-3.81,-4.73,-3.5,-0.64,1.02,2.57,4.32,5.7,6.87,7.47,8.49,10.51,7.55,3.85,2.77,4.36,2.28,3.34,4.84,5.68,7.0,1.41,3.46,7.11,6.93
