data/2016040900_925.json
{"header": { "discipline":0, "disciplineName":"Meteorological products", "gribEdition":2, "gribLength":78336, "center":7, "centerName":"US National Weather Service - NCEP(WMC)", "subcenter":0, "refTime":"2016-04-09T00:00:00.000Z", "significanceOfRT":1, "significanceOfRTName":"Start of forecast", "productStatus":0, "productStatusName":"Operational products", "productType":1, "productTypeName":"Forecast products", "productDefinitionTemplate":0, "productDefinitionTemplateName":"Analysis/forecast at horizontal level/layer at a point in time", "parameterCategory":2, "parameterCategoryName":"Momentum", "parameterNumber":2, "parameterNumberName":"U-component_of_wind", "parameterUnit":"m.s-1", "genProcessType":2, "genProcessTypeName":"Forecast", "forecastTime":0, "surface1Type":100, "surface1TypeName":"Isobaric surface", "surface1Value":92500.0, "surface2Type":255, "surface2TypeName":"Missing", "surface2Value":0.0, "gridDefinitionTemplate":0, "gridDefinitionTemplateName":"Latitude_Longitude", "numberPoints":65160, "shape":6, "shapeName":"Earth spherical with radius of 6,371,229.0 m", "gridUnits":"degrees", "resolution":48, "winds":"true", "scanMode":0, "nx":360, "ny":181, "basicAngle":0, "subDivisions":0, "lo1":0.0, "la1":90.0, "lo2":359.0, "la2":-90.0, "dx":1.0, "dy":1.0 }, "data":
[rows 0 to 34 of 181, columns 160 to 239 of 360]
1.9,1.86,1.83,1.79,1.76,1.72,1.69,1.65,1.61,1.57,1.54,1.5,1.46,1.42,1.38,1.34,1.3,1.26,1.21,1.17,1.13,1.09,1.04,1.0,0.96,0.91,0.87,0.82,0.78,0.73,0.69,0.64,0.6,0.55,0.51,0.46,0.41,0.37,0.32,0.27,0.23,0.18,0.13,0.09,0.04,-0.01,-0.05,-0.1,-0.15,-0.19,-0.24,-0.29,-0.33,-0.38,-0.43,-0.47,-0.52,-0.57,-0.61,-0.66,-0.7,-0.75,-0.79,-0.84,-0.88,-0.93,-0.97,-1.01,-1.06,-1.1,-1.14,-1.18,-1.23,-1.27,-1.31,-1.35,-1.39,-1.43,-1.47,-1.51
12.18,12.21,12.23,12.25,12.27,12.28,12.29,12.29,12.29,12.29,12.28,12.27,12.26,12.24,12.22,12.19,12.16,12.13,12.1,12.07,12.03,11.99,11.95,11.9,11.86,11.81,11.76,11.7,11.65,11.59,11.54,11.48,11.42,11.36,11.3,11.23,11.17,11.11,11.04,10.98,10.91,10.84,10.78,10.71,10.64,10.57,10.5,10.43,10.36,10.28,10.21,10.14,10.07,9.99,9.92,9.85,9.77,9.7,9.62,9.54,9.47,9.39,9.31,9.23,9.15,9.07,8.99,8.92,8.84,8.76,8.69,8.61,8.54,8.46,8.39,8.31,8.24,8.16,8.09,8.02
14.34,14.47,14.6,14.73,14.86,14.99,15.12,15.25,15.38,15.51,15.63,15.76,15.88,16.0,16.11,16.22,16.32,16.42,16.51,16.6,16.67,16.74,16.8,16.86,16.9,16.94,16.97,17.0,17.01,17.02,17.01,17.0,16.99,16.97,16.95,16.92,16.89,16.86,16.83,16.79,16.76,16.72,16.68,16.65,16.61,16.58,16.54,16.5,16.44,16.37,16.27,16.17,16.05,15.91,15.77,15.61,15.44,15.25,15.05,14.84,14.63,14.42,14.2,13.97,13.74,13.52,13.3,13.1,12.9,12.71,12.53,12.35,12.19,12.04,11.91,11.79,11.68,11.55,11.41,11.25
15.84,15.88,15.92,15.96,15.99,16.02,16.05,16.08,16.11,16.14,16.16,16.18,16.21,16.22,16.24,16.25,16.25,16.25,16.24,16.23,16.21,16.19,16.17,16.14,16.11,16.07,16.03,15.99,15.95,15.9,15.85,15.79,15.73,15.66,15.59,15.51,15.43,15.34,15.24,15.14,15.04,14.93,14.82,14.71,14.59,14.48,14.36,14.24,14.12,14.0,13.87,13.75,13.62,13.5,13.37,13.25,13.13,13.0,12.88,12.76,12.64,12.53,12.41,12.31,12.21,12.12,12.04,11.98,11.92,11.87,11.83,11.8,11.78,11.77,11.76,11.75,11.74,11.74,11.74,11.74
12.86,13.04,13.23,13.42,13.6,13.79,13.98,14.16,14.34,14.52,14.69,14.86,15.03,15.18,15.33,15.48,15.62,15.75,15.87,15.99,16.09,16.19,16.28,16.37,16.45,16.51,16.57,16.61,16.65,16.68,16.7,16.71,16.71,16.71,16.7,16.68,16.66,16.63,16.59,16.55,16.5,16.45,16.39,16.32,16.25,16.17,16.09,16.01,15.93,15.85,15.77,15.69,15.62,15.55,15.49,15.43,15.38,15.33,15.28,15.23,15.17,15.1,15.02,14.93,14.84,14.76,14.68,14.61,14.55,14.5,14.47,14.44,14.43,14.44,14.45,14.47,14.49,14.51,14.54,14.57
10.33,10.49,10.65,10.81,10.97,11.14,11.31,11.48,11.64,11.81,11.98,12.16,12.33,12.5,12.67,12.84,13.01,13.18,13.35,13.52,13.68,13.84,13.99,14.14,14.28,14.41,14.53,14.65,14.75,14.85,14.93,15.0,15.06,15.1,15.14,15.16,15.17,15.17,15.16,15.15,15.12,15.09,15.06,15.02,14.97,14.93,14.88,14.83,14.78,14.73,14.68,14.63,14.6,14.56,14.54,14.53,14.51,14.51,14.51,14.5,14.51,14.53,14.56,14.61,14.67,14.74,14.82,14.91,14.99,15.07,15.15,15.23,15.3,15.37,15.44,15.5,15.55,15.6,15.64,15.68
5.74,5.86,5.98,6.11,6.24,6.38,6.53,6.68,6.83,6.99,7.16,7.32,7.5,7.67,7.85,8.03,8.22,8.41,8.6,8.79,8.99,9.18,9.37,9.56,9.76,9.95,10.15,10.35,10.56,10.76,10.97,11.17,11.36,11.55,11.72,11.88,12.03,12.16,12.27,12.37,12.45,12.51,12.54,12.56,12.56,12.55,12.52,12.48,12.43,12.38,12.32,12.25,12.17,12.08,11.97,11.86,11.73,11.6,11.46,11.33,11.19,11.06,10.92,10.8,10.68,10.57,10.47,10.38,10.29,10.22,10.15,10.08,10.02,9.96,9.89,9.83,9.78,9.73,9.7,9.67
4.45,4.7,4.96,5.21,5.47,5.71,5.95,6.16,6.37,6.55,6.73,6.89,7.05,7.18,7.3,7.4,7.48,7.52,7.55,7.57,7.58,7.59,7.61,7.63,7.65,7.66,7.66,7.66,7.64,7.63,7.62,7.62,7.63,7.65,7.69,7.76,7.85,7.98,8.12,8.3,8.49,8.69,8.9,9.1,9.3,9.47,9.62,9.75,9.85,9.92,9.95,9.96,9.94,9.9,9.83,9.75,9.64,9.51,9.35,9.18,8.99,8.79,8.59,8.4,8.21,8.03,7.87,7.72,7.58,7.46,7.36,7.29,7.24,7.22,7.22,7.24,7.27,7.3,7.34,7.37
3.39,3.71,4.03,4.33,4.63,4.92,5.2,5.46,5.72,5.96,6.19,6.41,6.62,6.81,7.0,7.16,7.32,7.47,7.61,7.74,7.86,7.96,8.06,8.14,8.21,8.27,8.32,8.36,8.38,8.4,8.39,8.38,8.34,8.29,8.21,8.11,8.0,7.85,7.69,7.5,7.31,7.11,6.93,6.76,6.64,6.55,6.5,6.5,6.54,6.61,6.7,6.8,6.91,7.01,7.1,7.16,7.2,7.21,7.18,7.13,7.05,6.95,6.84,6.73,6.63,6.52,6.41,6.29,6.18,6.07,5.99,5.94,5.9,5.89,5.89,5.89,5.89,5.89,5.89,5.89
1.64,1.87,2.1,2.32,2.53,2.74,2.94,3.13,3.33,3.52,3.73,3.94,4.16,4.39,4.63,4.89,5.15,5.41,5.68,5.94,6.2,6.46,6.73,6.98,7.22,7.45,7.66,7.86,8.05,8.24,8.43,8.62,8.8,8.97,9.11,9.23,9.32,9.4,9.46,9.52,9.56,9.59,9.6,9.59,9.52,9.4,9.22,8.98,8.7,8.38,8.04,7.71,7.39,7.08,6.8,6.55,6.33,6.15,6.0,5.87,5.74,5.62,5.51,5.39,5.27,5.15,5.02,4.89,4.76,4.63,4.51,4.39,4.29,4.2,4.12,4.04,3.97,3.91,3.84,3.78
-0.24,-0.06,0.13,0.34,0.54,0.75,0.96,1.18,1.41,1.67,1.93,2.2,2.46,2.7,2.93,3.15,3.38,3.59,3.8,4.01,4.22,4.43,4.66,4.89,5.12,5.35,5.58,5.8,6.02,6.23,6.45,6.68,6.94,7.22,7.51,7.8,8.08,8.34,8.57,8.77,8.94,9.09,9.23,9.34,9.44,9.53,9.6,9.65,9.66,9.66,9.63,9.57,9.48,9.35,9.19,9.02,8.85,8.67,8.46,8.21,7.92,7.6,7.28,6.97,6.67,6.35,6.02,5.67,5.31,4.94,4.55,4.15,3.75,3.36,2.99,2.64,2.34,2.08,1.89,1.78
-2.88,-2.6,-2.35,-2.15,-1.97,-1.77,-1.53,-1.29,-1.09,-0.93,-0.8,-0.69,-0.62,-0.57,-0.51,-0.43,-0.31,-0.17,0.02,0.24,0.52,0.84,1.18,1.54,1.91,2.3,2.71,3.13,3.55,3.98,4.4,4.82,5.23,5.67,6.12,6.57,7.02,7.45,7.83,8.15,8.4,8.61,8.79,8.93,9.06,9.16,9.24,9.31,9.36,9.39,9.4,9.41,9.42,9.43,9.43,9.42,9.38,9.31,9.22,9.12,8.98,8.76,8.48,8.17,7.86,7.57,7.29,7.02,6.74,6.48,6.22,5.97,5.71,5.41,5.05,4.61,4.1,3.53,2.92,2.31
-5.27,-5.16,-5.03,-4.89,-4.77,-4.65,-4.49,-4.31,-4.16,-4.05,-3.94,-3.79,-3.6,-3.41,-3.21,-2.98,-2.7,-2.4,-2.09,-1.78,-1.46,-1.14,-0.81,-0.49,-0.19,0.07,0.29,0.47,0.6,0.69,0.75,0.8,0.86,0.93,1.05,1.22,1.42,1.61,1.8,1.98,2.13,2.27,2.42,2.58,2.77,3.02,3.31,3.62,3.95,4.28,4.58,4.87,5.15,5.43,5.71,6.01,6.31,6.61,6.89,7.13,7.32,7.45,7.5,7.46,7.31,7.07,6.77,6.44,6.11,5.81,5.53,5.29,5.12,5.04,5.01,5.0,4.99,4.95,4.83,4.6
-6.0,-6.46,-6.71,-6.76,-6.74,-6.76,-6.81,-6.83,-6.78,-6.66,-6.51,-6.38,-6.24,-6.1,-5.95,-5.8,-5.66,-5.55,-5.49,-5.45,-5.37,-5.22,-5.0,-4.76,-4.51,-4.28,-4.11,-4.04,-4.07,-4.15,-4.28,-4.46,-4.67,-4.87,-5.06,-5.22,-5.29,-5.27,-5.18,-5.03,-4.83,-4.62,-4.39,-4.13,-3.88,-3.65,-3.41,-3.16,-2.9,-2.6,-2.24,-1.83,-1.39,-0.92,-0.45,0.0,0.45,0.89,1.33,1.75,2.14,2.49,2.79,3.02,3.16,3.22,3.2,3.12,3.01,2.89,2.78,2.68,2.61,2.57,2.55,2.55,2.58,2.64,2.73,2.86
-4.48,-5.6,-6.72,-7.57,-8.13,-8.57,-8.95,-9.22,-9.35,-9.39,-9.38,-9.31,-9.2,-9.08,-8.98,-8.91,-8.88,-8.9,-8.96,-9.04,-9.16,-9.27,-9.31,-9.26,-9.15,-8.97,-8.72,-8.43,-8.16,-7.98,-7.93,-7.99,-8.13,-8.3,-8.46,-8.58,-8.66,-8.71,-8.72,-8.68,-8.59,-8.43,-8.19,-7.87,-7.47,-7.0,-6.48,-5.92,-5.33,-4.79,-4.35,-4.03,-3.86,-3.85,-3.92,-4.02,-4.1,-4.12,-4.04,-3.89,-3.68,-3.39,-3.04,-2.63,-2.18,-1.69,-1.21,-0.77,-0.39,-0.1,0.11,0.27,0.42,0.56,0.7,0.85,0.96,0.97,0.86,0.75
-2.49,-3.62,-5.03,-6.59,-8.06,-9.26,-10.31,-11.29,-12.11,-12.69,-13.04,-13.23,-13.27,-13.18,-12.95,-12.62,-12.25,-11.9,-11.65,-11.54,-11.49,-11.51,-11.63,-11.83,-12.04,-12.21,-12.32,-12.37,-12.35,-12.33,-12.35,-12.39,-12.47,-12.59,-12.73,-12.87,-13.03,-13.17,-13.29,-13.43,-13.57,-13.63,-13.65,-13.7,-13.76,-13.79,-13.74,-13.6,-13.37,-13.08,-12.74,-12.31,-11.78,-11.17,-10.49,-9.78,-9.08,-8.45,-7.93,-7.55,-7.27,-7.01,-6.72,-6.35,-5.89,-5.36,-4.76,-4.14,-3.5,-2.87,-2.29,-1.77,-1.33,-0.96,-0.65,-0.38,-0.14,0.1,0.33,0.51
-1.15,-2.06,-3.3,-4.66,-6.07,-7.3,-8.11,-8.67,-9.34,-10.18,-11.15,-12.25,-13.4,-14.43,-15.11,-15.38,-15.31,-15.05,-14.69,-14.26,-13.88,-13.63,-13.5,-13.44,-13.48,-13.65,-13.9,-14.16,-14.4,-14.58,-14.68,-14.67,-14.53,-14.33,-14.14,-14.04,-14.04,-14.16,-14.35,-14.57,-14.79,-14.97,-15.13,-15.29,-15.44,-15.67,-15.96,-16.23,-16.42,-16.52,-16.49,-16.29,-16.0,-15.65,-15.23,-14.75,-14.22,-13.67,-13.08,-12.44,-11.74,-10.97,-10.17,-9.33,-8.52,-7.78,-7.13,-6.56,-6.09,-5.69,-5.31,-4.93,-4.52,-4.04,-3.61,-3.2,-2.67,-2.26,-1.93,-1.85
-0.51,-1.04,-2.13,-3.53,-4.69,-5.35,-5.56,-5.59,-5.78,-6.14,-6.49,-6.86,-7.07,-7.25,-7.66,-8.64,-10.47,-12.7,-14.5,-15.47,-15.76,-15.63,-15.29,-14.96,-14.79,-14.7,-14.65,-14.7,-14.99,-15.6,-16.39,-17.15,-17.85,-18.49,-19.05,-19.49,-19.81,-20.05,-20.25,-20.45,-20.67,-20.89,-21.1,-21.32,-21.45,-21.52,-21.52,-21.4,-21.16,-20.84,-20.52,-20.24,-19.95,-19.61,-19.22,-18.8,-18.37,-17.89,-17.29,-16.61,-15.92,-15.22,-14.51,-13.79,-13.09,-12.4,-11.71,-11.0,-10.27,-9.56,-8.9,-8.28,-7.67,-7.14,-6.58,-5.64,-5.02,-4.92,-4.16,-3.67
0.85,-0.07,-1.34,-2.51,-3.3,-3.83,-4.19,-4.23,-4.23,-4.45,-4.77,-5.1,-5.55,-6.05,-6.58,-7.15,-7.61,-7.66,-8.01,-9.61,-11.71,-13.26,-14.64,-16.1,-17.0,-17.41,-17.63,-17.68,-17.66,-17.69,-17.85,-18.17,-18.55,-18.88,-19.17,-19.49,-19.88,-20.31,-20.8,-21.33,-21.78,-22.15,-22.5,-22.88,-23.28,-23.64,-23.97,-24.29,-24.54,-24.65,-24.61,-24.45,-24.13,-23.62,-22.91,-22.02,-21.03,-20.01,-18.99,-18.03,-17.17,-16.42,-15.73,-15.06,-14.42,-13.79,-13.18,-12.56,-11.94,-11.3,-10.63,-9.91,-9.25,-8.57,-7.79,-8.01,-9.43,-10.1,-9.47,-9.32
-0.48,-1.33,-1.94,-2.13,-2.07,-1.74,-1.51,-1.75,-2.43,-3.22,-3.94,-4.59,-5.03,-5.12,-5.27,-5.32,-4.79,-4.28,-4.08,-3.3,-4.68,-5.8,-7.51,-9.35,-11.7,-14.05,-16.19,-18.0,-19.38,-20.4,-21.2,-21.9,-22.64,-23.27,-23.39,-22.83,-21.74,-21.28,-21.16,-21.2,-21.49,-21.91,-22.81,-23.9,-24.12,-24.39,-24.63,-25.21,-25.52,-26.21,-26.78,-27.04,-27.28,-26.96,-26.22,-25.08,-23.48,-21.73,-20.18,-18.83,-17.72,-16.82,-15.98,-15.14,-14.35,-13.64,-12.91,-12.17,-11.57,-11.05,-10.49,-9.87,-9.35,-8.94,-9.02,-9.19,-9.07,-10.15,-9.76,-8.89
-0.88,-0.66,-0.57,-0.33,-0.1,-0.2,-0.43,-0.56,-0.79,-1.46,-2.6,-2.24,-3.2,-3.35,-4.11,-4.49,-4.38,-4.59,-5.03,-4.71,-4.38,-3.7,-3.02,-4.36,-6.72,-8.82,-10.48,-13.1,-15.81,-17.68,-18.57,-19.08,-19.67,-20.4,-20.87,-20.65,-19.76,-18.72,-18.22,-17.55,-16.78,-16.01,-15.42,-15.34,-15.76,-16.28,-17.1,-17.49,-17.73,-18.52,-20.91,-19.61,-20.64,-21.37,-22.15,-22.26,-23.31,-24.28,-23.5,-21.05,-17.74,-16.26,-15.45,-14.72,-14.42,-14.27,-13.87,-13.44,-13.09,-12.83,-12.53,-12.21,-12.45,-11.55,-10.1,-10.19,-10.36,-10.43,-9.8,-7.91
-1.7,-1.77,-1.71,-0.83,-1.58,-0.84,-0.31,-0.08,0.1,-0.08,-0.36,-0.52,-1.67,-2.15,-0.29,-1.83,-0.94,-1.33,0.12,-0.75,-1.45,-2.11,-3.18,-2.47,-1.08,-2.0,-4.35,-6.3,-7.25,-7.91,-8.9,-10.03,-11.02,-11.9,-11.71,-10.3,-7.52,-9.32,-8.83,-9.99,-8.84,-7.48,-6.44,-4.6,-3.08,-1.21,-0.25,-0.05,-0.33,-1.1,-1.56,-0.58,-1.23,-1.18,-1.55,-1.77,-2.45,-2.1,-2.11,-1.85,-2.83,-5.9,-9.64,-11.74,-12.48,-13.03,-13.35,-12.36,-12.34,-11.31,-10.81,-11.88,-11.66,-12.01,-10.71,-8.56,-7.82,-9.72,-10.79,-7.11
-0.38,0.03,-0.14,0.32,1.38,-0.05,0.37,-0.37,0.0,-0.14,-0.36,0.62,0.99,1.75,-0.98,-1.46,-0.63,-1.31,-0.87,-0.38,-0.88,-1.07,-1.58,-2.68,-3.33,-1.89,-0.56,-1.03,-1.8,-1.68,-0.96,0.11,1.11,1.62,2.79,1.41,0.28,-0.67,0.27,-2.47,-2.48,-1.96,-2.25,-1.96,0.81,0.82,-0.13,-0.25,0.49,-0.38,-1.87,-2.55,-2.36,-2.68,-4.69,-7.38,-6.46,-8.7,-10.31,-4.73,-6.44,-6.83,-4.34,-1.99,-1.45,-4.85,-7.74,-12.07,-13.35,-13.8,-13.23,-13.28,-14.23,-13.55,-12.8,-13.02,-13.53,-13.93,-13.71,-15.26
0.11,0.83,1.59,0.87,2.3,2.45,1.1,0.44,1.17,2.37,0.44,0.01,0.4,1.03,-3.46,-1.73,-1.95,-1.37,-1.55,-3.03,-5.61,-5.93,-2.85,-2.92,-2.29,-3.58,-3.06,-1.76,-0.18,0.76,-0.55,-0.36,0.47,1.01,1.4,1.46,0.83,-1.14,-2.38,-2.31,-1.74,-0.84,-0.01,0.42,1.23,0.7,0.16,-0.06,0.02,-0.4,-2.09,-3.17,-5.16,-10.82,-13.6,-14.54,-14.71,-14.52,-13.48,-10.36,-6.24,-6.63,-5.72,-9.0,-5.22,-3.57,-4.35,-5.3,-7.71,-7.71,-11.16,-10.13,-12.08,-12.62,-12.89,-12.36,-12.57,-15.57,-14.62,-14.4
1.21,0.88,0.63,0.91,1.61,1.52,1.6,2.14,1.57,0.92,-0.11,1.02,0.23,-1.86,-2.11,0.61,-2.13,-1.03,-1.04,-0.08,-1.54,-6.43,-8.79,-7.96,-6.05,-5.87,-4.51,-3.59,-3.98,0.18,-0.2,-2.04,-1.95,-1.52,-1.19,-0.55,-0.36,-1.13,-2.17,-3.11,-3.21,-5.37,-5.65,-8.19,-8.29,-7.7,-6.78,-7.3,-6.99,-5.39,-8.57,-9.1,-7.33,-3.52,-1.51,-1.22,-2.46,-3.94,-4.6,-3.58,-4.28,-4.49,-7.23,-4.88,-4.19,-3.58,-3.24,-3.26,-2.72,-2.97,-2.53,-2.41,-5.52,-5.84,-10.18,-10.61,-11.95,-13.45,-13.65,-12.85
4.57,2.8,1.77,0.98,1.13,2.19,0.86,-0.4,0.82,1.99,-0.35,0.21,-0.1,-0.03,-0.81,-1.16,-1.38,-2.98,-4.1,-5.19,-3.72,-2.69,-5.12,-4.77,-1.89,-3.85,-3.98,-1.22,-4.58,-4.18,-5.03,-5.33,-4.97,-4.8,-2.81,-0.49,-2.27,-3.64,-3.82,-5.46,-4.2,-2.5,-1.71,-1.19,1.59,0.08,-2.13,-3.19,-3.65,-3.71,-2.05,-1.17,-0.4,-0.84,-0.49,-0.12,-1.09,-1.48,-1.91,-1.93,-3.05,-1.65,-0.99,-0.94,-1.79,1.02,1.39,0.79,-0.04,-0.09,1.22,1.52,0.49,0.75,-2.12,-5.39,-6.11,-6.18,-7.08,-9.01
1.04,0.07,2.17,1.17,0.24,1.07,0.31,-0.05,-0.89,-1.22,-1.29,-0.49,0.22,1.39,1.79,2.19,0.22,1.19,1.06,0.78,0.32,-0.36,-0.83,-0.96,-1.77,-1.63,-3.32,-6.51,-7.29,-6.37,-5.72,-4.71,-4.12,-4.81,-5.78,-6.03,-6.0,-5.4,-3.76,-2.82,-3.92,-2.63,-2.29,-3.46,-3.29,-1.93,-0.63,-0.93,-1.73,-1.63,-1.52,-0.47,0.02,-1.43,-1.85,-1.36,-1.31,-1.69,-0.9,0.44,-0.38,0.19,-1.09,-0.31,-0.64,0.69,0.85,1.82,1.77,1.09,-1.05,-1.05,-1.82,-2.06,0.05,-0.41,-3.14,-4.03,-6.55,-9.53
-0.74,0.75,-1.95,-2.3,-2.02,-0.84,-2.82,-4.7,-6.21,-5.74,-2.65,0.24,1.55,1.66,1.4,1.04,-0.28,-0.19,-1.5,-1.54,-1.44,-0.12,-2.02,-3.22,-4.42,-5.67,-5.38,-5.16,-6.35,-8.05,-10.57,-11.45,-11.42,-11.08,-10.57,-9.64,-7.86,-5.93,-3.12,-2.58,-5.91,-5.01,-2.36,-1.32,-1.11,-2.86,-2.74,-3.44,-1.25,1.01,0.25,1.57,-1.1,-0.79,-0.2,-0.41,3.13,2.22,1.18,0.78,1.23,1.51,2.7,2.87,2.48,0.97,1.43,-0.04,1.44,1.06,2.31,2.96,2.45,-1.26,-2.36,-1.42,-1.79,-4.03,-5.49,-10.19
-7.25,-5.57,-1.48,-3.14,-4.14,-5.67,-3.31,-5.93,-0.86,0.7,-0.58,-0.76,0.13,1.71,0.77,-0.9,-1.06,-1.09,-1.66,-4.38,-4.85,-3.93,-4.82,-5.25,-5.58,-6.37,-6.26,-6.42,-7.12,-7.37,-8.64,-10.45,-11.25,-11.69,-11.72,-10.31,-9.94,-10.47,-10.01,-7.65,-8.19,-7.09,-5.81,-5.1,-2.48,-0.7,-1.36,-2.47,-3.31,-2.16,-1.05,0.8,1.21,-1.74,-1.7,-2.77,3.02,1.86,1.88,-0.34,0.92,2.54,3.77,3.81,2.94,2.16,2.35,1.54,0.23,0.96,0.5,1.3,1.88,0.98,0.83,-1.2,-2.22,-2.33,-1.68,-0.86
-3.08,-3.47,-7.81,-7.83,-8.19,-3.37,-2.43,-1.68,1.6,1.49,0.34,0.28,-0.71,-2.02,-2.22,-2.7,-3.89,-4.96,-5.57,-5.58,-5.78,-5.93,-5.62,-5.99,-7.13,-7.98,-8.56,-8.71,-8.76,-8.36,-7.74,-8.66,-10.13,-10.79,-10.68,-10.92,-10.79,-10.46,-9.55,-8.63,-6.92,-5.68,-5.79,-5.04,-3.43,-2.43,-4.59,-3.11,-1.86,-1.48,-5.84,-3.25,-4.87,-2.86,1.81,-0.05,2.66,-0.62,0.39,1.62,3.86,1.3,-0.16,2.18,4.46,5.28,4.47,1.92,-0.27,1.86,1.65,1.61,2.64,3.53,1.56,2.71,-1.42,-1.79,-0.82,-2.18
-12.07,-8.9,-3.75,-0.66,0.12,-0.91,0.72,2.4,2.17,1.54,-0.56,-3.43,-4.34,-5.06,-5.32,-5.8,-6.55,-6.78,-6.26,-6.52,-6.22,-6.0,-6.84,-7.33,-7.42,-8.57,-9.13,-9.12,-8.66,-8.69,-9.71,-9.52,-10.14,-10.41,-11.04,-11.11,-10.23,-9.39,-9.01,-8.58,-4.14,-4.6,-9.67,-11.71,-15.55,-12.54,-3.59,-1.92,-2.39,-4.0,-4.25,-2.29,-0.2,1.09,2.26,3.52,3.76,3.98,4.74,4.53,2.23,3.36,1.44,2.37,3.38,4.91,4.38,4.9,3.83,4.72,5.09,1.41,1.22,2.58,6.76,4.51,3.49,3.21,5.6,4.41
-2.83,-1.62,-1.81,-3.85,-5.98,-6.28,-6.69,-6.45,-6.92,-7.79,-7.78,-6.72,-6.86,-6.64,-6.61,-6.9,-6.99,-7.08,-7.47,-6.77,-7.64,-8.49,-9.5,-9.28,-8.94,-9.4,-9.88,-10.42,-10.88,-10.74,-10.47,-11.78,-12.72,-14.27,-16.21,-17.36,-17.63,-18.41,-18.63,-18.72,-18.02,-14.3,-12.35,-11.53,-9.07,-5.35,-6.44,-10.61,-11.38,-8.53,-6.16,-4.75,-3.83,-2.93,-1.8,-0.17,1.67,3.49,4.76,5.71,5.62,5.84,1.66,1.97,1.32,0.89,5.53,4.25,5.92,6.48,4.01,3.72,3.54,2.68,5.73,5.46,4.15,5.05,5.8,3.14
-3.37,-2.72,-3.98,-6.04,-7.37,-6.99,-6.25,-5.07,-4.92,-5.54,-6.58,-6.87,-6.49,-6.75,-6.5,-5.59,-5.43,-6.03,-6.66,-6.93,-7.55,-8.58,-9.17,-9.05,-8.54,-8.52,-9.68,-10.76,-10.57,-11.18,-12.65,-14.93,-18.29,-19.41,-20.62,-22.49,-23.97,-23.92,-23.36,-23.75,-22.1,-21.34,-20.7,-16.63,-12.77,-10.21,-10.26,-9.29,-9.78,-10.23,-10.23,-9.41,-8.07,-6.48,-4.99,-3.77,-2.19,0.03,2.29,4.19,5.62,6.12,7.93,11.69,11.17,9.47,5.32,4.91,5.87,4.83,4.71,3.23,4.59,3.43,2.72,3.64,2.56,0.15,1.78,5.71
-3.11,-5.16,-1.32,-5.29,-4.84,-4.59,-5.13,-5.52,-5.28,-4.69,-3.68,-2.52,-3.01,-4.67,-4.24,-3.82,-3.89,-3.95,-4.3,-5.01,-4.94,-7.24,-7.94,-7.68,-7.75,-8.24,-8.46,-8.89,-9.98,-12.19,-13.26,-14.71,-16.64,-19.32,-20.48,-14.44,-8.21,-4.32,-4.14,-0.42,2.71,-4.02,-4.38,-0.27,3.1,0.05,-4.63,-0.59,1.94,1.18,0.29,-0.68,-2.42,-3.82,-4.71,-3.87,-1.61,0.15,0.95,2.15,3.7,4.86,5.96,6.78,6.11,3.76,3.13,2.88,3.34,4.52,4.08,4.71,5.32,5.38,6.44,3.07,4.04,7.25,5.77,4.83
-1.42,0.81,-2.57,-5.86,-6.61,-8.21,-8.63,-8.45,-7.71,-6.6,-5.52,-3.98,-2.08,0.43,-0.03,-2.22,-2.16,-2.06,-1.82,-1.92,-2.25,-2.43,-3.46,-7.17,-7.52,-7.78,-8.09,-9.02,-10.24,-11.76,-13.06,-14.63,-15.51,-13.16,-4.61,-2.47,-1.14,-1.11,-0.47,0.24,-1.88,4.83,4.86,5.05,6.2,5.63,4.43,4.07,3.77,4.03,4.98,6.2,5.85,4.86,4.9,4.33,2.69,1.84,3.19,4.13,4.02,4.97,5.93,6.85,7.23,8.48,10.55,11.99,9.71,3.97,4.36,3.21,3.34,4.84,5.68,7.0,2.7,3.46,7.11,6.93
