data/2016040900_850.json
{"header": { "discipline":0, "disciplineName":"Meteorological products", "gribEdition":2, "gribLength":77828, "center":7, "centerName":"US National Weather Service - NCEP(WMC)", "subcenter":0, "refTime":"2016-04-09T00:00:00.000Z", "significanceOfRT":1, "significanceOfRTName":"Start of forecast", "productStatus":0, "productStatusName":"Operational products", "productType":1, "productTypeName":"Forecast products", "productDefinitionTemplate":0, "productDefinitionTemplateName":"Analysis/forecast at horizontal level/layer at a point in time", "parameterCategory":2, "parameterCategoryName":"Momentum", "parameterNumber":2, "parameterNumberName":"U-component_of_wind", "parameterUnit":"m.s-1", "genProcessType":2, "genProcessTypeName":"Forecast", "forecastTime":0, "surface1Type":100, "surface1TypeName":"Isobaric surface", "surface1Value":85000.0, "surface2Type":255, "surface2TypeName":"Missing", "surface2Value":0.0, "gridDefinitionTemplate":0, "gridDefinitionTemplateName":"Latitude_Longitude", "numberPoints":65160, "shape":6, "shapeName":"Earth spherical with radius of 6,371,229.0 m", "gridUnits":"degrees", "resolution":48, "winds":"true", "scanMode":0, "nx":360, "ny":181, "basicAngle":0, "subDivisions":0, "lo1":0.0, "la1":90.0, "lo2":359.0, "la2":-90.0, "dx":1.0, "dy":1.0 }, "data":
[rows 70 to 104 of 181, columns 0 to 79 of 360]
8.29,6.9,4.35,5.46,4.1,6.01,5.92,2.22,1.71,1.95,3.96,2.55,0.03,-2.5,-0.96,0.74,2.14,-0.89,-5.11,-1.93,-2.43,-4.72,-6.09,-8.34,-8.83,-8.18,-7.69,-8.1,-6.86,-5.88,-7.69,-9.1,-8.01,-9.3,-7.33,-7.2,-7.5,-5.31,-1.6,-3.1,-0.93,-0.6,2.9,2.55,-2.21,-2.61,1.3,0.53,3.12,1.74,-1.14,-1.14,-2.39,-0.39,2.36,5.62,6.99,6.89,4.28,4.55,3.97,3.28,2.46,2.42,1.9,2.21,2.66,2.45,2.52,2.14,0.06,-2.5,-3.14,-1.29,2.61,3.47,-2.18,-4.19,2.79,-0.93
5.43,2.22,4.59,3.06,1.77,4.3,2.29,0.54,-0.76,-1.13,0.71,-5.16,-3.31,-3.38,-3.31,-0.08,0.84,-0.76,-4.31,-3.52,-2.36,-3.26,-9.82,-10.74,-10.46,-9.89,-9.52,-10.5,-10.27,-11.32,-10.44,-7.84,-8.09,-8.85,-5.37,-3.57,-6.32,-5.28,-3.39,-1.48,-2.01,-0.85,0.34,3.26,2.77,-1.9,2.86,5.43,-1.36,-3.07,-1.13,-3.74,-3.22,-1.17,-1.61,3.25,5.15,5.06,2.63,2.56,2.58,1.42,0.43,-0.01,-0.83,-1.21,-0.37,0.11,0.35,-0.19,-1.56,-1.72,0.21,1.62,0.19,-3.32,-5.86,1.75,-4.13,-6.32
4.52,3.04,4.44,1.48,4.42,6.37,2.9,4.19,2.2,-3.22,-5.58,-2.49,-3.0,-3.47,-3.17,-1.84,-2.86,-1.81,-3.83,-3.48,-3.89,-8.87,-11.41,-12.81,-12.11,-10.89,-10.42,-11.6,-10.29,-8.08,-9.5,-7.67,-7.44,-7.49,-5.23,-4.57,-4.14,-6.43,-5.72,-2.42,-4.4,-3.19,0.62,-0.76,2.73,6.16,3.0,3.28,4.52,-1.72,-0.62,-2.58,2.47,2.42,4.99,4.28,3.39,5.22,2.67,1.55,0.75,-0.48,-1.18,-1.15,-0.66,-1.93,-2.81,-2.06,-1.15,-0.77,-0.26,1.38,3.83,4.09,-1.35,-5.09,-2.56,-4.06,-4.58,-8.74
3.55,3.67,4.35,7.23,5.97,5.15,6.05,11.22,4.22,-1.85,0.6,-2.34,-2.17,-3.91,-6.31,-3.88,-5.38,-4.34,-4.79,-2.45,-5.32,-8.36,-13.3,-14.47,-13.58,-11.08,-9.8,-8.85,-8.01,-8.73,-9.24,-8.47,-6.92,-8.0,-6.43,-6.74,-4.4,-8.32,-5.22,-2.92,-3.47,-3.73,1.7,0.98,4.2,2.23,-0.91,-4.0,4.78,4.82,3.53,2.4,1.47,4.18,6.77,6.71,6.26,3.46,1.92,0.67,-0.68,-1.64,-2.3,-2.47,-1.95,-1.49,-1.27,-1.43,-0.9,-0.97,0.63,2.06,4.84,3.79,-1.47,-6.77,-3.17,-5.31,-7.01,-7.46
4.32,4.81,4.45,2.15,4.15,3.23,-0.84,0.61,1.8,1.87,-1.11,-0.55,-2.45,-2.99,-4.72,-4.25,-4.24,-6.7,-6.12,-4.7,-4.34,-8.67,-12.33,-14.55,-13.61,-12.59,-10.15,-8.59,-8.04,-8.13,-7.36,-7.18,-5.84,-6.62,-5.55,-3.98,-2.21,-1.3,-4.18,-2.47,-0.79,-0.06,0.0,0.96,2.22,-2.3,-7.45,-3.91,0.15,4.95,4.53,3.46,4.15,7.49,4.81,4.28,3.11,2.14,1.07,0.12,-0.91,-1.57,-1.89,-2.12,-2.45,-2.81,-2.52,-1.89,-1.64,-1.53,0.02,0.7,2.22,1.14,3.15,-0.62,-2.33,-0.32,-6.22,-4.17
6.31,3.78,3.17,1.02,0.59,-0.81,-1.08,7.3,6.23,3.22,-2.52,-3.99,-6.54,-6.13,-5.26,-4.81,-5.58,-4.49,-4.04,-7.11,-6.91,-6.57,-14.53,-13.44,-13.8,-12.27,-8.69,-8.92,-7.95,-6.31,-4.87,-6.22,-5.64,-6.07,-4.83,-2.45,0.33,-2.98,-2.49,-1.67,0.18,-0.83,-1.15,-0.8,1.35,-1.15,0.08,-1.63,-0.7,-0.68,4.23,4.97,2.33,2.29,1.59,0.86,0.84,-0.1,-1.64,-2.04,-1.71,-2.03,-1.77,-1.79,-2.54,-3.55,-3.95,-3.84,-3.53,-2.25,-1.17,-1.0,-0.7,-0.13,2.81,4.46,0.32,0.82,0.49,-3.93
5.72,3.86,1.6,1.4,2.3,-2.63,-8.47,-0.2,4.43,3.36,-2.04,-3.97,-8.59,-7.79,-5.69,-4.2,-5.89,-5.34,-5.88,-8.37,-9.46,-10.91,-14.15,-13.45,-13.23,-10.59,-10.56,-8.85,-7.75,-5.98,-6.61,-7.14,-5.99,-4.9,-1.75,1.38,-0.69,-3.65,0.14,-1.24,-1.5,-0.66,-4.51,-1.53,0.41,0.92,-0.45,2.23,4.02,3.75,2.79,1.23,1.18,1.36,-0.8,-1.47,-1.26,-2.55,-3.52,-3.93,-3.81,-3.64,-3.73,-3.57,-4.13,-5.02,-5.46,-5.51,-4.7,-3.64,-3.09,-2.51,-1.94,-0.96,1.33,3.26,4.55,3.18,4.6,-2.89
3.87,2.29,1.6,-0.5,2.16,0.05,3.99,7.61,6.6,1.42,4.01,-4.77,-0.9,-1.06,-4.87,-6.07,-4.72,-4.08,-5.57,-4.75,-8.38,-12.78,-14.06,-11.61,-9.81,-8.86,-8.61,-6.86,-7.9,-7.68,-6.47,-6.25,-5.92,-4.46,-1.3,1.21,-1.52,-2.38,0.25,-1.43,-1.02,-1.63,-0.39,-1.33,-1.72,1.65,2.64,2.21,1.89,1.18,1.73,1.18,0.36,-0.2,-0.72,-3.39,-3.95,-4.95,-4.78,-4.96,-5.39,-5.3,-5.12,-5.2,-5.46,-5.93,-6.17,-6.24,-5.56,-4.56,-4.16,-3.15,-1.82,-0.39,2.14,3.27,0.46,0.99,2.96,0.16
6.92,1.58,1.98,0.58,2.1,-0.9,0.52,7.21,6.32,7.43,3.91,3.71,-1.28,-3.51,-7.57,-4.32,-2.08,1.79,0.52,2.28,3.0,0.44,-0.31,-1.13,-11.85,-9.46,-6.49,-5.09,-7.19,-8.34,-7.14,-5.16,-3.29,0.82,6.0,5.79,1.58,0.79,1.03,-2.03,-1.3,-0.53,0.06,-2.54,-2.98,-1.99,-0.93,-2.13,-0.64,1.1,2.02,0.61,-0.91,-1.26,-3.67,-4.13,-5.22,-6.04,-6.02,-5.67,-5.62,-5.64,-5.48,-5.53,-5.88,-6.2,-6.16,-6.08,-5.61,-5.15,-4.53,-2.72,0.3,2.37,3.34,3.72,1.32,-1.26,-0.2,1.99
0.26,1.8,1.95,2.44,-1.12,-0.66,3.91,3.88,5.78,2.66,0.08,-2.9,-3.35,-1.5,-6.56,-7.03,-3.96,-2.78,-0.99,-3.6,-4.52,-4.22,-5.78,-11.29,-12.37,-9.47,-7.62,-5.66,-5.44,-11.19,-1.44,4.79,5.73,6.69,9.08,9.17,5.03,2.25,1.88,-1.16,3.53,-2.09,-1.01,-4.97,-2.69,-0.99,0.8,3.72,-0.24,-0.07,1.0,0.04,-1.21,-1.98,-3.91,-4.94,-5.76,-6.07,-5.98,-5.95,-5.89,-5.71,-5.49,-5.73,-6.25,-6.48,-6.17,-5.65,-5.12,-4.27,-3.07,-1.52,0.06,1.8,2.52,1.9,1.76,1.15,0.75,1.53
1.4,2.34,2.49,3.14,5.02,0.85,1.56,3.27,0.17,0.44,-1.04,-1.56,-0.68,-3.79,-3.93,-7.7,-5.57,-3.01,-6.0,-5.02,-1.2,0.57,-1.86,-3.47,-6.16,-7.47,-10.58,-11.93,-2.03,4.8,4.97,4.75,4.4,4.01,4.44,3.97,0.51,0.9,0.27,-1.01,1.21,1.16,3.11,0.09,2.11,0.02,-0.57,-5.34,-1.6,1.31,0.28,-1.02,-1.25,-2.25,-4.23,-4.95,-5.62,-5.78,-5.9,-5.78,-5.54,-5.58,-5.74,-5.78,-5.59,-5.74,-5.51,-5.18,-4.67,-3.71,-2.4,-1.56,-0.79,0.43,0.32,0.36,-0.09,-1.36,-0.35,-0.53
-0.11,1.78,1.47,3.38,1.48,0.78,-1.79,-0.15,0.35,1.43,5.11,0.78,2.63,-4.24,-8.83,-7.14,-6.45,-6.84,-3.04,-0.47,0.9,1.38,2.26,3.57,-1.06,-1.09,0.79,2.92,5.01,4.44,4.0,3.05,1.5,1.2,0.11,0.48,2.29,-0.17,-1.79,-1.54,0.06,-1.87,1.97,1.39,4.35,1.52,-3.28,-1.39,-3.74,-1.4,-1.36,-2.13,-1.86,-2.82,-3.74,-4.17,-4.93,-5.26,-5.58,-5.15,-5.5,-5.56,-5.48,-5.01,-4.28,-4.3,-5.12,-4.71,-4.24,-3.6,-3.02,-3.24,-3.38,-2.62,-1.73,-2.02,-2.56,-3.29,-2.11,-1.14
-3.02,0.85,-0.42,2.14,2.18,0.53,-1.86,-0.81,1.17,3.31,0.84,1.68,-0.23,-7.56,-8.47,-2.75,-7.19,-4.42,-0.33,1.04,-0.62,2.56,6.06,6.62,6.26,6.59,4.29,2.97,3.19,2.61,1.89,0.72,-0.22,-0.1,1.09,-2.05,-0.37,-0.68,0.02,0.88,2.81,1.73,2.69,5.64,3.05,-1.27,-0.68,0.18,-1.49,-2.46,-1.93,-1.51,-1.41,-2.59,-2.86,-3.28,-3.76,-4.39,-4.77,-4.58,-4.79,-5.01,-4.49,-4.0,-3.61,-3.06,-3.42,-2.7,-2.15,-1.0,-1.59,-2.57,-3.3,-3.16,-3.36,-4.06,-4.79,-3.69,-4.06,-2.19
-3.23,-1.3,-1.28,0.36,0.29,-0.44,-1.73,-1.83,-0.09,2.71,-4.19,-3.19,-2.32,0.93,-0.93,-3.7,-4.63,-2.89,-1.32,0.62,3.12,4.81,5.42,4.54,6.22,5.4,3.9,1.92,-0.41,0.67,-0.96,-1.86,-1.96,-0.88,-1.75,-3.56,-1.5,1.39,1.26,-2.36,1.13,1.19,1.71,2.04,1.51,0.05,0.2,0.02,-0.05,-0.31,-1.51,0.08,0.21,-0.47,-2.08,-2.35,-2.46,-3.46,-4.29,-4.01,-3.79,-3.8,-3.85,-3.85,-3.47,-3.22,-2.72,-2.0,-2.0,-0.78,-0.87,-1.17,-1.56,-1.87,-2.52,-2.25,-1.65,-2.07,-3.25,-2.7
-1.76,-2.11,-0.83,-0.06,-0.5,-0.69,-0.73,-1.12,0.22,-0.89,-2.48,-3.35,-1.13,-1.69,-0.4,-3.95,-4.13,-2.1,-0.97,-0.06,2.68,2.76,2.37,2.36,3.53,2.87,1.21,0.53,-0.94,-2.34,-4.01,-4.69,-2.41,-4.24,-2.81,-2.82,-0.12,-0.12,-0.91,1.53,2.21,0.78,1.53,-0.52,2.04,-0.03,0.05,1.52,0.81,0.98,0.36,1.19,0.66,0.98,0.16,-1.29,-2.05,-2.7,-3.89,-3.82,-3.62,-3.41,-3.04,-3.07,-2.62,-2.55,-2.33,-1.77,-0.91,0.38,-0.01,0.75,-0.17,-0.29,-1.03,-1.87,-2.82,-3.0,-3.26,-3.43
2.16,1.87,1.57,2.27,2.38,0.64,-0.11,-2.87,-2.65,-2.0,-1.94,-2.7,-2.03,-1.56,-2.61,-5.05,-4.82,-3.31,-1.11,0.54,0.46,-0.22,0.82,1.93,0.6,0.35,-0.38,-0.53,-2.5,-3.52,-3.22,-4.2,-2.0,-4.08,-5.36,-5.97,-5.36,-4.24,-2.52,-1.51,0.02,-0.39,2.38,3.74,2.43,0.32,0.34,1.63,2.66,1.84,2.27,2.72,1.32,0.65,1.01,-0.44,-1.18,-1.72,-2.17,-3.17,-3.23,-3.07,-2.56,-2.57,-2.21,-2.33,-1.97,-0.28,0.67,0.96,0.3,1.69,1.12,-0.11,-0.82,-1.94,-3.19,-3.39,-3.23,-5.34
2.87,2.92,1.94,2.66,2.61,2.54,1.21,0.17,-5.09,-4.08,-0.64,-1.33,-1.26,-1.56,-3.98,-5.15,-5.13,-5.18,-3.33,-1.06,-0.2,-1.24,-1.42,-1.58,-1.23,0.83,0.61,-0.71,-1.15,-1.42,-1.0,-2.04,-0.75,-1.04,-3.08,-6.64,-8.09,-8.66,-5.75,-2.13,-2.36,-0.32,1.62,2.15,2.16,0.39,0.31,1.86,2.6,2.51,3.35,3.13,1.27,0.59,0.92,-0.11,-0.62,-0.68,-1.12,-1.54,-1.58,-1.48,-1.05,-0.63,-0.07,0.14,0.9,1.59,0.58,0.51,1.13,0.47,0.19,-1.03,-1.03,-1.36,-1.93,-2.94,-2.9,-3.68
1.16,1.5,2.63,2.31,2.54,1.35,1.54,2.01,-2.01,-3.39,-4.79,-5.13,-4.96,-1.36,-2.61,-3.94,-5.59,-6.06,-5.27,-3.27,-3.26,-3.19,-3.18,-0.24,-0.18,1.1,1.9,1.78,1.79,0.61,-1.78,-1.08,-1.04,0.62,-0.67,-2.59,-8.22,-8.88,-7.48,-3.43,-1.51,-1.29,0.11,2.11,-0.26,0.27,1.29,0.76,1.64,2.5,3.86,2.45,0.85,0.14,0.46,0.12,0.12,-0.24,-0.98,-1.06,-1.34,-0.94,-0.5,0.41,0.93,1.62,1.9,1.38,0.88,1.89,1.96,1.11,1.8,0.73,-1.11,-0.76,-1.2,-1.57,-1.81,-2.23
1.18,1.35,0.28,1.53,2.94,0.93,1.12,0.94,-2.53,-3.95,-0.03,-2.04,-3.34,-3.73,-1.42,-4.52,-4.93,-4.75,-2.03,0.05,-1.8,-1.41,1.33,2.84,0.98,2.5,2.47,1.42,3.79,0.66,0.01,0.13,1.32,1.93,2.54,2.08,-2.34,-5.16,-6.72,-2.8,-1.54,-1.19,-1.77,-0.58,-0.67,0.32,-0.03,0.51,1.84,2.79,2.02,0.89,0.24,-0.24,0.04,-1.47,-0.73,0.13,-0.87,-1.29,-0.9,-0.89,-0.81,-0.05,0.68,1.88,1.52,1.57,2.37,2.81,2.74,1.94,1.91,1.64,-0.83,-0.42,-1.15,-0.49,-1.08,-1.84
1.21,1.01,-0.88,1.5,1.92,0.56,0.84,-0.01,-2.4,-3.36,-5.11,-4.56,-3.37,-3.99,-6.89,-3.95,-3.9,-2.66,-1.41,0.32,0.53,2.14,3.12,1.38,-0.02,0.03,1.65,3.4,6.07,1.7,1.54,0.45,2.38,3.61,0.41,1.79,-0.6,0.52,-3.04,-2.65,0.51,0.21,-0.47,-0.67,0.08,1.3,0.99,1.2,1.22,1.45,0.39,-1.0,-0.77,0.16,-0.68,-1.59,-0.79,-0.08,-0.08,-0.72,-1.68,-1.1,-0.85,0.31,1.24,1.98,1.97,2.17,2.02,1.33,1.72,2.51,3.23,2.3,1.26,0.22,0.4,-0.88,-1.13,-0.62
-0.79,-0.95,-0.18,0.66,1.56,1.15,1.47,-0.72,-1.18,-4.1,-3.26,-3.95,-2.29,-4.14,-6.12,-5.21,-4.93,-2.9,-1.81,-0.63,-0.05,1.16,-0.28,-0.76,-0.29,-0.28,1.26,2.75,2.81,0.62,2.1,4.56,3.0,1.85,0.82,0.12,1.26,-1.08,1.01,-0.98,-0.06,1.63,-0.14,0.04,0.45,1.21,1.32,1.02,0.75,0.79,0.81,0.11,-0.82,-0.45,-0.14,-0.9,-0.58,-0.01,0.42,0.09,-0.72,-0.49,-0.52,0.49,1.55,1.94,2.06,2.05,2.69,3.64,3.72,3.81,4.09,4.14,3.83,2.97,2.55,1.16,0.62,1.53
-0.72,-0.93,-0.67,-0.55,0.52,0.4,0.68,-1.26,-1.81,-2.65,-3.01,-3.06,-2.0,-3.47,-5.28,-3.83,-5.43,-3.38,-3.75,1.04,1.28,1.51,0.37,-0.47,0.76,0.96,1.65,1.68,1.07,-1.15,2.25,1.34,0.0,-0.82,-0.51,-0.44,0.65,0.81,-1.83,-0.77,0.96,1.37,0.83,0.86,0.49,0.57,0.46,0.31,0.67,1.06,1.34,1.91,0.85,-0.18,0.77,-0.75,-0.71,0.63,0.28,0.5,0.72,0.07,0.1,0.97,2.22,2.83,2.88,3.18,3.87,4.39,4.87,4.62,5.34,5.06,3.94,3.94,3.93,3.56,3.26,3.2
-0.15,-0.37,-1.29,-0.97,-0.21,-0.46,-0.36,-2.55,-3.43,-2.51,-3.74,-4.32,-3.96,-1.81,-2.87,-4.11,-3.6,-3.16,-1.23,2.18,2.04,1.56,0.36,0.64,1.37,2.08,2.69,1.12,1.47,1.99,1.12,0.91,1.11,0.48,1.08,-1.26,-1.16,-2.54,-3.77,-1.77,-0.62,-0.15,-0.04,-0.01,-0.14,-0.23,-0.29,0.22,0.79,1.26,1.64,2.28,2.14,1.76,1.31,1.14,-0.39,0.92,1.12,0.97,1.48,0.98,1.12,2.2,3.11,3.39,3.23,4.65,4.5,4.84,5.4,5.43,5.27,4.83,4.96,4.37,4.7,4.57,4.8,4.37
-0.63,-0.36,-0.63,-1.42,-1.41,-2.0,-0.66,-1.69,-4.04,-3.01,-3.81,-4.22,-3.6,-1.18,-3.38,-3.16,-2.2,0.21,0.1,2.6,2.65,1.18,-0.78,-0.08,0.76,1.19,-0.47,-0.5,0.21,0.5,1.71,2.53,2.55,-1.45,-2.43,-1.78,0.42,-0.14,-1.98,-4.13,-3.2,-1.82,-2.3,-1.68,-1.17,-0.95,-0.8,-0.51,-0.08,1.21,2.49,2.79,3.28,2.71,2.17,2.39,0.01,0.23,1.85,2.02,2.7,2.37,2.81,2.91,3.76,3.99,4.72,4.69,4.8,5.71,6.18,6.37,6.04,6.27,6.45,6.13,5.67,5.18,4.6,4.99
-1.15,-0.98,-1.25,-1.37,-3.24,-2.87,-1.66,-0.92,-2.58,-2.82,-2.1,-3.09,-2.98,-2.49,-0.16,-0.45,0.71,1.83,1.85,2.08,1.23,-0.76,-2.01,-1.03,-0.68,-2.54,-2.92,-2.91,-1.76,0.03,3.31,2.59,1.76,-7.07,-6.84,-4.02,-3.14,-6.25,-2.92,-3.19,-2.18,-2.36,-3.29,-2.78,-2.12,-2.13,-1.56,-1.06,-0.28,0.61,1.51,2.69,3.79,2.96,1.73,2.32,2.94,1.59,2.05,2.71,3.31,2.99,4.03,2.81,4.07,4.32,4.66,4.47,5.3,5.96,6.25,5.73,5.05,5.32,5.56,5.45,5.6,5.44,5.13,4.99
-1.12,-1.96,-2.38,-2.66,-2.9,-2.7,-1.79,-0.89,-3.5,-4.71,-2.33,-2.15,-1.75,-2.84,-1.65,0.89,0.06,1.66,0.8,0.85,2.33,0.62,-0.89,-1.06,-3.94,-5.24,-5.39,-2.7,-1.78,-0.34,3.06,-0.7,-3.71,-8.13,-8.23,-3.54,-3.19,-5.49,-4.13,-1.77,-1.48,-3.29,-4.76,-3.77,-4.03,-4.26,-2.75,-1.68,-1.52,-0.96,0.49,1.32,2.52,3.37,2.27,2.23,2.86,2.91,3.41,3.17,3.98,4.48,4.72,4.07,4.41,3.86,3.8,4.0,4.82,4.75,5.37,6.62,6.95,6.7,6.08,5.23,4.8,4.84,4.35,3.92
-2.35,-2.26,-2.83,-2.95,-3.11,-2.57,-1.84,-1.69,-2.45,-4.13,-3.02,-1.0,-0.35,-2.13,-2.17,2.36,2.18,0.84,0.36,0.38,2.5,5.67,4.14,0.66,-2.85,-3.24,-2.96,-1.03,0.3,0.87,-0.24,-1.97,-6.81,-6.97,-2.03,-3.73,-6.59,-3.23,-1.4,-0.4,-2.52,-2.76,-4.45,-4.23,-4.59,-4.8,-4.18,-3.17,-1.99,-0.54,-0.07,0.41,0.84,0.3,2.71,2.9,3.35,3.29,3.94,4.47,4.6,5.4,5.05,4.89,4.56,3.76,3.98,4.09,4.81,4.33,5.54,5.98,6.11,6.34,5.84,4.76,4.64,4.89,3.56,3.45
-3.57,-2.62,-3.14,-3.12,-3.04,-2.25,-1.67,-1.3,-2.18,-3.36,-3.8,-2.2,0.29,-0.55,-0.32,2.15,0.0,-2.54,-0.1,-0.54,-2.49,1.31,3.1,-0.12,-1.1,-1.31,-3.06,-2.94,-1.22,-0.25,-2.44,-4.55,-4.39,-9.26,-4.52,-5.55,-2.37,-3.17,-0.56,-0.26,-2.65,-2.49,-3.31,-4.73,-4.93,-5.18,-5.07,-4.34,-3.19,-2.7,-1.72,-0.32,0.96,-0.64,-0.57,0.0,2.83,3.84,4.01,3.86,4.8,5.04,4.69,4.98,3.82,3.7,4.46,4.22,3.22,4.85,5.31,4.49,5.09,5.57,4.78,4.66,3.92,3.91,4.01,4.45
-5.23,-5.19,-4.14,-3.87,-3.87,-3.36,-1.2,0.07,-1.13,-1.01,-1.92,-2.18,-2.17,-2.19,-2.43,-0.49,-3.79,-1.24,-0.29,-1.09,-0.48,3.1,2.14,0.98,-2.72,-4.71,-1.5,-3.14,-2.46,0.34,2.26,-2.42,-5.33,-8.22,-6.54,-4.91,-1.5,-0.15,-0.35,-1.7,-3.06,-2.47,-2.29,-3.3,-4.04,-4.8,-5.76,-4.93,-4.23,-3.49,-2.7,-1.25,-0.22,1.8,2.35,1.57,-0.56,1.37,3.53,4.86,4.83,3.98,4.09,2.58,2.84,3.4,3.69,3.31,3.35,3.41,2.98,2.77,2.69,3.2,3.64,3.66,3.19,3.49,3.34,4.86
-6.24,-6.03,-5.96,-4.93,-4.04,-3.14,-1.39,-0.48,-1.16,-1.73,-2.96,-1.54,-2.18,-2.74,-2.0,-1.45,-1.32,-2.05,-0.89,-1.94,-2.2,-4.0,-2.71,-1.95,-3.43,-2.74,-3.4,-1.22,-1.08,-9.19,-12.06,-8.07,-1.53,-2.58,0.03,-2.74,-3.05,-2.15,-3.79,-2.76,-1.83,-1.72,-1.81,-1.84,-2.31,-3.36,-4.16,-4.97,-4.56,-4.49,-3.24,-2.02,-0.91,0.42,2.16,2.25,1.63,1.22,1.43,3.65,4.53,4.08,3.06,2.18,1.76,2.09,1.77,2.3,1.93,1.88,1.85,2.02,1.9,1.89,2.07,1.96,3.46,3.0,3.6,3.79
-6.52,-5.78,-5.49,-5.08,-4.49,-2.67,-2.76,-2.33,-1.53,-0.08,0.05,-1.66,-3.05,-2.05,-3.17,-1.66,-0.91,-0.74,-0.32,-3.1,-4.79,-4.92,-6.24,-5.96,-5.74,-5.78,-3.25,-4.4,-6.77,-10.14,-4.65,-6.83,-6.95,-2.47,-7.56,-3.91,-6.12,-6.16,-4.83,-3.25,-3.98,-1.5,-1.09,-1.66,-0.87,-1.95,-2.78,-4.28,-5.02,-5.46,-4.82,-3.9,-3.4,-2.82,-1.42,0.36,2.47,2.27,2.47,2.26,2.29,3.35,3.3,1.36,0.03,-1.0,-1.14,-0.84,0.75,1.2,0.96,0.78,0.98,0.97,0.71,1.38,2.48,2.52,4.22,2.99
-7.6,-6.99,-6.28,-5.39,-3.48,-2.52,-1.97,-1.09,-2.58,-2.42,-1.32,-1.96,-2.9,-1.65,-2.71,-3.27,-0.82,-4.02,-6.46,-6.9,-4.92,-3.91,-4.32,-5.9,-8.94,-8.0,-2.81,-6.99,-8.45,-10.25,-9.57,-8.52,-5.77,-6.05,-1.81,-3.11,-6.08,-5.68,-5.35,-3.96,-5.69,-2.73,-0.49,-1.68,-0.17,-1.47,-2.93,-4.39,-7.84,-7.58,-6.79,-4.75,-5.04,-4.33,-3.41,-2.02,-0.22,2.98,3.45,3.36,1.81,-0.61,0.96,-0.44,-1.23,-2.43,-3.17,-1.56,-0.16,1.17,0.38,0.02,-0.74,-0.74,-0.27,-0.49,0.4,0.05,-0.97,-0.28
-10.92,-10.34,-9.4,-9.05,-7.7,-5.32,-2.9,-1.65,-3.19,-4.44,-4.99,-4.37,-1.77,-0.52,-2.27,-2.3,-0.45,-2.67,-5.72,-3.42,-3.34,-3.31,-4.2,-5.77,-4.92,-6.5,-5.21,-6.88,-10.59,-11.56,-10.76,-9.08,-4.26,-8.96,-2.81,-7.57,-6.18,-3.38,-5.12,-6.14,-4.28,-4.63,-1.41,-1.48,-0.48,-0.65,-1.8,-2.57,-5.7,-6.7,-6.76,-5.15,-4.09,-3.91,-4.02,-2.62,-1.42,0.33,2.32,4.13,4.82,1.51,-2.04,-1.55,-2.35,-2.53,-3.72,-2.9,-1.22,-0.2,0.12,-1.13,-1.62,-1.78,-2.31,-1.95,-4.63,-1.64,-0.01,-4.21
-12.43,-12.14,-12.25,-11.77,-9.54,-6.62,-6.75,-4.65,-3.07,-4.0,-4.78,-4.0,-2.99,-1.65,-0.96,-1.25,-2.04,-2.07,-5.63,-4.79,-6.15,-8.47,-7.94,-8.82,-8.62,-9.92,-9.41,-8.78,-8.78,-7.7,-8.51,-3.46,-8.21,-9.3,-6.61,-5.7,-1.74,-2.07,-4.51,-4.18,-4.33,-4.36,-2.31,-2.2,-1.49,-1.22,-1.53,-2.68,-2.63,-4.3,-4.16,-3.66,-4.07,-2.35,-1.82,-0.96,-0.55,0.69,1.47,3.51,5.0,3.87,0.49,-0.92,-0.32,-1.43,-1.75,-2.06,-1.81,-0.49,-0.82,-0.58,-2.17,-3.7,-2.48,-4.3,-5.14,-3.59,-7.08,-6.91
-13.25,-13.02,-12.28,-11.42,-10.07,-8.69,-7.05,-6.48,-6.54,-6.81,-6.96,-3.6,-4.02,-2.85,-0.88,1.15,-2.57,-2.2,-2.45,-6.41,-8.17,-8.32,-6.28,-6.69,-7.71,-10.66,-10.44,-9.24,-11.09,-10.75,-7.27,-9.24,-11.22,-5.91,-4.01,-5.73,-4.11,-1.76,-1.11,-1.29,-2.55,-1.53,-0.73,-3.18,-3.21,-4.2,-5.52,-2.68,-1.32,-1.11,-1.44,-2.22,-1.69,-0.78,0.22,-0.1,0.66,2.15,2.57,2.96,3.84,5.1,4.32,3.62,1.78,1.6,0.93,0.87,-0.66,-1.15,-0.68,-1.37,-1.83,-4.52,-4.55,-5.39,-4.97,-7.1,-9.16,-9.89
