data/2016040900_700.json
{"header": { "discipline":0, "disciplineName":"Meteorological products", "gribEdition":2, "gribLength":77615, "center":7, "centerName":"US National Weather Service - NCEP(WMC)", "subcenter":0, "refTime":"2016-04-09T00:00:00.000Z", "significanceOfRT":1, "significanceOfRTName":"Start of forecast", "productStatus":0, "productStatusName":"Operational products", "productType":1, "productTypeName":"Forecast products", "productDefinitionTemplate":0, "productDefinitionTemplateName":"Analysis/forecast at horizontal level/layer at a point in time", "parameterCategory":2, "parameterCategoryName":"Momentum", "parameterNumber":3, "parameterNumberName":"V-component_of_wind", "parameterUnit":"m.s-1", "genProcessType":2, "genProcessTypeName":"Forecast", "forecastTime":0, "surface1Type":100, "surface1TypeName":"Isobaric surface", "surface1Value":70000.0, "surface2Type":255, "surface2TypeName":"Missing", "surface2Value":0.0, "gridDefinitionTemplate":0, "gridDefinitionTemplateName":"Latitude_Longitude", "numberPoints":65160, "shape":6, "shapeName":"Earth spherical with radius of 6,371,229.0 m", "gridUnits":"degrees", "resolution":48, "winds":"true", "scanMode":0, "nx":360, "ny":181, "basicAngle":0, "subDivisions":0, "lo1":0.0, "la1":90.0, "lo2":359.0, "la2":-90.0, "dx":1.0, "dy":1.0 }, "data":
[rows 36 to 71 of 181, columns 0 to 80 of 360]
4.71,6.1,5.57,4.89,3.25,1.57,0.63,0.23,0.15,0.68,1.34,2.25,3.84,5.52,6.12,5.72,5.79,7.32,9.85,9.31,7.97,6.54,4.45,4.93,8.15,7.3,8.57,13.72,13.19,14.06,14.49,14.41,14.49,12.48,8.49,4.94,2.57,0.61,-0.32,-0.92,-2.92,-4.66,-5.39,-0.64,4.51,4.96,2.79,0.96,-0.39,-1.66,-2.69,-3.26,-4.3,-4.57,-3.38,-1.14,0.06,-1.38,-2.96,-5.43,-6.71,-7.51,-7.98,-8.02,-8.73,-9.47,-10.83,-11.75,-12.73,-13.14,-13.98,-15.75,-15.6,-13.49,-10.28,-6.92,-4.54,-2.41,1.28,6.64,8.74
3.39,4.86,6.54,5.58,3.84,2.17,0.7,0.08,0.27,0.85,1.77,3.81,5.0,4.43,3.9,5.71,9.22,8.44,6.43,5.54,4.87,5.78,6.34,6.32,7.23,8.73,9.92,13.61,16.03,15.05,13.68,14.21,13.71,10.82,7.35,4.37,0.87,-1.11,-1.92,-4.03,-5.99,-8.09,-6.17,0.08,4.35,3.79,3.65,2.57,-1.11,-3.03,-3.85,-3.43,-4.58,-6.0,-2.9,0.24,0.36,-1.14,-2.68,-5.32,-7.26,-8.45,-9.03,-8.55,-8.41,-9.79,-10.78,-11.0,-11.43,-11.25,-11.15,-10.15,-8.76,-7.45,-6.5,-6.05,-3.5,2.18,6.74,8.16,6.75
1.8,2.55,5.4,4.55,2.71,1.45,1.38,1.57,1.68,2.08,3.92,2.96,1.94,3.22,5.93,6.52,5.09,4.09,4.08,5.89,9.87,8.45,7.32,7.51,6.52,7.95,12.22,14.42,14.74,15.37,14.99,13.47,12.17,9.9,7.32,3.59,0.38,-1.31,-2.95,-5.26,-7.33,-9.65,-7.22,-0.68,2.99,3.41,3.31,1.86,0.2,-2.22,-3.91,-3.9,-4.64,-7.07,-3.69,0.48,0.69,-1.45,-3.54,-6.03,-8.46,-9.37,-8.8,-8.34,-10.05,-11.24,-11.51,-10.52,-8.95,-8.38,-8.07,-6.52,-4.68,-3.86,-3.05,-1.28,1.47,3.89,5.29,5.1,4.54
0.49,0.7,3.47,2.92,2.04,2.15,2.0,1.71,1.89,2.35,2.67,3.56,3.55,3.83,2.78,0.9,1.36,3.89,4.42,9.86,13.15,11.13,8.6,6.27,7.2,9.44,11.14,13.4,17.07,17.73,15.05,13.04,11.76,10.08,6.96,3.65,0.1,-2.07,-4.39,-5.6,-7.76,-10.22,-7.58,-0.99,3.78,2.38,1.19,1.36,0.13,-1.09,-3.56,-4.37,-5.55,-8.93,-6.36,-1.7,-0.79,-2.24,-4.3,-6.62,-8.55,-9.19,-8.53,-9.01,-10.04,-10.03,-9.29,-8.69,-8.54,-7.32,-4.8,-2.5,-0.46,-0.08,0.86,1.24,1.12,1.6,2.13,4.02,5.54
-0.49,-0.69,1.01,0.66,2.28,3.22,2.44,2.15,2.06,3.82,4.4,3.84,2.5,0.8,-0.91,-1.65,-0.52,5.77,11.74,8.51,10.41,11.17,8.45,5.88,6.55,5.99,10.43,14.0,16.95,17.69,15.7,12.84,11.29,9.84,7.57,4.49,0.88,-2.3,-4.66,-6.07,-7.11,-8.17,-5.33,1.41,4.53,2.23,-0.29,-2.96,-1.22,-1.21,-2.68,-5.29,-6.96,-9.69,-10.75,-7.21,-4.51,-4.74,-5.66,-6.21,-7.01,-7.54,-7.31,-7.1,-7.33,-8.06,-8.22,-7.68,-6.34,-3.76,-1.29,0.09,1.63,3.2,3.34,2.64,1.31,1.85,3.25,3.79,4.73
-2.98,-0.65,-0.7,0.24,2.67,1.73,1.6,3.0,4.19,3.26,2.21,1.02,-0.81,-1.52,-2.39,-1.64,-2.62,5.34,9.02,7.36,10.42,11.21,11.15,6.9,5.05,8.06,14.69,15.49,15.83,15.61,15.39,12.1,10.35,9.85,7.55,4.94,1.45,-1.06,-3.27,-4.75,-4.78,-4.75,-2.33,2.23,3.17,2.57,-0.51,-2.44,-4.11,-2.44,-2.41,-5.14,-8.5,-10.41,-12.35,-12.4,-10.83,-9.53,-8.07,-7.41,-6.91,-6.03,-4.92,-5.17,-5.73,-6.11,-6.11,-5.6,-2.91,-0.65,2.61,4.62,4.38,3.54,3.97,3.66,3.67,3.29,2.49,3.86,6.56
-4.28,-1.7,-2.52,0.86,0.57,0.51,2.23,-0.8,-0.24,0.51,0.93,-0.55,0.65,-0.71,-0.36,-1.77,-1.47,2.69,4.44,9.52,10.33,7.31,6.54,6.53,8.11,13.88,19.1,16.29,12.11,10.91,13.35,12.98,10.86,10.0,8.2,5.64,2.78,-0.01,-1.87,-3.14,-2.73,-0.53,0.66,0.99,1.06,-0.21,-3.13,-2.3,-1.8,-3.06,-3.97,-4.63,-9.06,-10.28,-10.4,-10.62,-10.96,-10.25,-11.38,-8.66,-5.92,-4.91,-4.23,-4.32,-5.48,-6.18,-5.24,-2.99,-0.38,2.46,3.92,4.32,4.55,4.25,2.92,2.0,1.54,2.12,3.18,5.45,3.12
-5.26,-3.98,-4.09,-1.82,-2.39,-0.1,-5.93,-5.41,-1.28,1.52,1.3,-1.1,0.1,1.43,3.39,2.08,-1.16,1.97,4.71,9.46,7.6,4.69,0.16,8.57,12.18,16.51,18.12,16.48,15.61,14.09,12.97,10.14,9.14,8.96,8.0,6.46,4.32,2.61,0.47,-0.97,-1.09,-0.61,0.31,0.78,1.2,0.49,-1.64,-1.85,-1.76,-2.79,-4.48,-6.8,-8.0,-9.88,-9.92,-9.41,-9.79,-10.79,-9.5,-7.36,-6.28,-5.55,-5.33,-6.39,-6.11,-6.86,-6.08,-1.77,1.9,4.73,5.17,3.42,1.31,2.06,3.92,4.36,4.55,3.73,1.69,0.26,1.17
-6.54,-5.84,-6.57,-6.57,-3.65,-8.51,-4.54,-0.3,1.85,4.27,2.87,0.49,3.52,5.83,4.09,2.34,1.82,0.74,3.57,8.56,6.83,5.82,1.12,8.37,10.76,12.57,14.53,14.39,14.37,15.64,14.33,9.88,7.25,6.88,6.3,6.77,4.96,3.36,2.31,1.33,0.46,0.03,0.61,1.24,1.34,1.39,0.54,-1.21,-2.72,-3.85,-4.44,-5.72,-7.27,-7.39,-7.97,-9.15,-9.76,-10.07,-9.7,-8.03,-4.78,-3.92,-4.83,-5.83,-5.96,-5.42,-3.3,0.81,5.29,3.37,0.91,0.24,1.66,4.96,5.37,3.83,5.36,7.23,8.87,9.4,7.67
-8.19,-8.26,-9.81,-10.77,-10.27,-7.7,-1.08,-0.6,4.37,6.47,4.71,2.49,-0.14,5.09,5.59,5.49,7.61,8.76,-1.7,7.4,8.02,3.74,-2.17,3.58,6.28,7.77,10.45,11.3,12.59,11.31,10.91,10.76,11.0,8.26,6.8,4.25,2.93,2.87,2.32,1.97,1.5,0.39,0.22,0.82,1.32,1.29,0.58,-0.07,-1.06,-2.43,-3.94,-3.36,-6.4,-7.57,-8.11,-7.36,-7.91,-9.01,-9.29,-8.32,-6.23,-5.03,-4.4,-4.31,-3.63,-2.11,-0.5,3.01,2.96,1.04,4.27,6.39,6.1,5.27,1.58,-3.2,-2.42,1.4,1.42,1.85,1.92
-10.15,-9.31,-10.96,-15.88,-8.99,-2.79,3.59,6.9,7.1,8.07,7.82,3.31,-2.08,-0.43,3.06,6.72,7.44,9.18,7.37,-0.47,3.86,3.63,1.87,2.52,0.76,2.81,7.55,10.03,12.08,13.1,9.47,5.8,7.02,7.26,6.17,4.79,2.51,0.1,1.11,1.45,0.95,0.58,1.75,0.67,0.58,1.2,-0.03,-0.77,-0.9,-1.56,-2.12,-2.69,-4.83,-6.47,-6.72,-6.08,-5.73,-7.26,-8.24,-7.81,-6.5,-4.68,-3.91,-3.21,-2.52,-0.92,1.77,4.72,2.67,5.08,6.35,9.14,10.91,6.56,3.91,-3.04,-4.36,-5.66,-2.75,0.37,3.69
-12.22,-12.17,-13.92,-17.04,-14.99,-11.48,1.24,9.25,9.54,8.41,8.85,4.58,0.18,-5.39,-0.1,3.6,5.12,6.16,6.88,2.49,-0.06,3.0,4.29,4.65,2.25,4.54,6.9,11.02,14.0,14.7,11.63,9.3,9.2,6.6,5.22,3.74,3.61,2.44,-1.17,-0.83,0.87,1.2,2.77,-0.49,2.18,0.97,0.93,-0.03,-2.17,-1.6,-1.49,-1.19,-2.02,-4.32,-6.14,-6.78,-6.0,-5.4,-6.0,-6.14,-5.05,-3.53,-3.11,-2.84,-1.56,-0.37,2.39,3.28,4.36,6.78,10.65,13.38,9.15,6.07,1.74,1.38,-1.27,-2.86,0.79,-1.0,-0.77
-12.3,-10.38,-17.28,-16.86,-13.98,-9.28,-3.58,5.11,9.06,6.17,10.54,6.58,2.65,-0.91,-2.39,-0.57,2.51,2.38,4.19,3.93,3.72,2.46,4.16,5.21,6.28,6.98,9.28,14.33,16.85,16.18,12.19,9.3,8.67,6.26,1.16,0.9,5.69,3.22,0.99,-0.63,-1.16,0.43,1.06,1.54,0.88,2.59,0.95,3.9,2.57,-2.23,-1.19,-0.83,-1.7,-2.74,-3.68,-4.52,-5.52,-5.68,-5.14,-5.0,-4.7,-3.64,-2.77,-2.6,-2.35,-0.79,1.59,2.96,5.39,8.2,6.94,2.71,3.85,6.8,3.24,1.35,2.82,2.58,2.22,2.68,4.1
-14.62,-8.44,-12.74,-12.64,-15.8,-11.5,-6.23,0.6,6.97,8.9,8.68,7.64,4.26,2.12,-1.23,-4.35,0.65,0.87,-0.2,2.69,6.86,5.22,5.7,6.04,11.45,12.28,17.96,17.53,16.22,15.28,13.02,10.14,6.41,1.13,3.53,8.85,8.55,3.8,1.13,1.1,-0.42,-0.11,2.57,4.78,5.2,1.77,-0.88,-2.14,-0.73,0.9,2.68,0.91,-1.32,-3.52,-4.26,-2.8,-3.62,-4.43,-4.51,-4.27,-4.49,-4.4,-3.82,-3.17,-2.34,-0.52,2.05,5.33,7.43,5.75,3.79,3.05,6.41,4.93,3.72,-0.39,-2.16,2.54,2.63,4.91,7.21
-5.88,-7.93,-6.81,-10.38,-8.5,-9.44,-6.59,-1.81,5.83,11.03,6.54,4.9,4.52,2.58,0.18,-1.69,-0.4,-0.18,-0.68,2.31,6.66,6.42,3.0,2.79,8.28,12.83,15.8,16.65,16.58,13.73,8.3,8.16,7.66,5.95,3.88,7.69,5.39,6.49,8.18,7.08,2.84,0.76,0.71,2.83,1.37,1.86,0.05,-1.34,-0.98,-1.43,0.42,0.51,-0.32,-4.17,-5.42,-3.47,-3.2,-3.87,-4.29,-4.49,-4.44,-4.35,-3.69,-1.96,-0.46,-0.44,1.26,3.92,7.66,3.41,2.83,1.01,-0.93,-3.46,-2.58,1.74,5.44,5.56,6.6,7.43,7.5
-8.92,-7.99,-8.89,-9.31,-9.34,-8.43,-6.44,1.05,7.15,11.34,7.36,3.68,2.49,1.32,0.12,-1.05,-1.2,2.64,1.12,0.87,2.2,4.29,5.83,1.35,6.87,10.72,12.31,17.29,17.35,14.06,10.83,6.48,3.43,3.81,3.24,3.85,3.58,3.59,6.05,3.48,4.14,2.94,1.33,0.71,-0.01,-0.58,-0.89,-1.99,0.15,-0.86,-0.34,0.81,0.57,-1.6,-4.85,-3.84,-2.95,-2.39,-1.94,-2.4,-2.99,-2.33,-1.17,-0.67,-0.34,-0.25,-1.0,0.49,-0.35,3.28,5.2,1.71,2.83,1.1,3.9,3.15,1.52,4.08,3.06,5.05,1.93
-10.87,-11.05,-12.03,-11.97,-10.51,-7.99,2.07,0.2,3.63,8.73,7.31,3.78,1.01,-0.31,0.18,-0.47,1.0,0.07,1.07,1.77,2.03,2.35,2.15,3.04,6.66,7.95,13.06,17.25,17.32,14.18,10.83,10.31,8.3,5.38,3.34,3.33,2.7,5.29,5.21,3.12,1.89,0.65,0.27,1.86,-0.06,-0.92,-2.39,-2.21,-1.08,-1.04,1.05,2.22,1.43,-0.27,-1.78,-2.73,-2.96,-1.76,-0.33,-1.79,-1.87,-0.14,2.37,3.12,1.36,-1.91,-4.62,-1.74,1.84,1.44,2.64,1.31,3.32,2.78,3.56,0.69,1.66,3.4,1.74,4.33,0.17
-12.42,-12.93,-13.58,-13.29,-5.49,-3.75,-4.21,-1.39,1.58,5.82,7.3,4.8,0.92,-1.27,-0.58,0.88,2.36,2.51,2.34,2.58,2.19,1.91,2.38,2.27,4.82,9.24,11.82,13.26,15.43,14.82,12.56,9.98,10.94,10.43,9.2,5.78,-1.07,1.27,1.43,0.76,-0.45,-1.48,1.22,1.26,-0.06,0.59,-3.81,-1.12,-2.29,-1.66,-0.72,3.21,2.53,1.14,-2.16,-0.62,-1.43,-1.61,4.09,2.56,-0.67,-0.97,0.4,-0.92,-3.13,-2.77,-2.5,-2.12,-1.31,-0.11,1.06,0.31,4.2,3.81,4.57,5.26,4.52,3.75,2.16,2.35,0.47
-13.48,-14.15,-15.7,-16.16,-12.6,-5.86,-2.81,1.05,3.33,3.45,4.71,4.93,0.41,1.97,2.58,2.69,3.77,3.69,3.35,2.28,1.47,0.52,0.86,4.18,7.23,9.96,10.71,10.86,12.25,10.47,4.99,3.9,8.46,10.35,8.99,5.71,0.9,-2.66,-0.88,-1.35,-2.73,-5.17,-1.75,-1.2,-2.05,-1.53,-1.83,-2.77,-1.91,-3.64,-0.5,2.92,3.61,4.85,4.02,5.57,-1.2,-1.64,2.27,1.17,0.16,-2.2,-2.87,-1.77,-2.12,-3.0,-2.1,-2.56,-1.62,-2.66,0.73,1.58,-2.41,3.04,2.08,3.81,4.73,5.57,5.13,4.79,3.82
-14.83,-17.08,-15.15,-13.65,-10.89,-4.03,2.37,2.08,1.72,2.74,3.75,2.8,1.78,1.16,1.33,2.7,3.88,4.35,3.71,2.53,1.1,0.21,1.64,4.42,9.28,11.87,12.35,11.33,9.25,8.05,4.49,0.79,1.32,9.17,9.55,5.72,0.6,-3.36,-2.7,-2.37,-2.52,-5.16,-7.24,-3.75,-3.53,-4.04,-2.14,0.84,-1.34,-1.26,-1.49,-2.28,6.29,5.13,3.6,0.46,-0.28,-0.33,1.95,2.77,0.48,-2.38,-3.74,-2.38,-2.72,-2.11,-2.32,-3.39,-3.51,-1.46,-0.06,0.34,4.12,2.46,2.23,2.7,2.84,1.07,1.86,2.4,0.7
-13.3,-14.49,-17.85,-10.84,-6.98,0.21,2.07,2.49,0.55,2.33,2.06,0.3,2.68,2.44,1.66,5.82,5.76,4.76,4.17,3.28,2.69,2.66,4.03,7.09,9.59,11.58,11.69,10.38,7.16,5.82,5.38,4.69,2.67,6.76,9.76,6.36,0.33,-2.33,-2.78,-0.92,-3.59,-4.41,-10.29,-4.84,-3.73,-5.23,-4.71,-1.09,-0.98,-0.78,-1.35,-0.06,1.51,0.23,-0.03,0.65,0.16,-1.03,2.28,0.69,-0.14,-3.13,-5.14,-2.52,-3.85,-5.03,-4.73,-1.43,-1.38,4.55,-0.7,1.35,6.1,6.08,3.77,5.14,2.86,2.61,1.37,1.86,1.67
-14.26,-10.97,-5.6,-5.57,-2.35,-0.9,0.54,4.49,1.84,0.39,-0.18,0.73,2.14,4.47,7.86,8.97,8.05,6.42,4.92,3.7,3.29,4.01,6.1,8.25,10.26,10.66,9.88,7.13,5.23,5.08,6.34,4.43,5.42,7.37,7.99,3.62,-0.23,-3.72,-4.04,-2.38,-4.62,-5.72,-7.46,-6.87,-4.84,-8.65,-5.45,-1.52,-0.33,-0.49,-0.7,0.38,0.77,1.87,2.48,2.84,3.69,3.19,3.3,-0.87,0.56,-2.57,-5.16,-0.88,-3.07,-1.26,-3.0,-1.97,1.01,4.79,1.31,2.04,2.17,4.55,7.64,9.64,-2.02,3.2,2.69,2.39,3.33
-1.31,0.31,2.96,-0.19,0.7,0.74,0.62,-0.36,-2.15,-1.29,-0.1,0.05,1.9,8.75,11.54,10.41,9.55,7.15,4.66,3.1,3.12,4.7,6.21,8.38,9.46,9.08,7.66,6.59,6.77,8.13,6.8,5.99,3.86,5.34,5.56,0.87,-1.34,-3.76,-3.74,-4.44,-5.49,-5.82,-6.68,-7.14,-8.16,-11.36,-10.45,-4.55,0.84,-0.48,-0.04,-0.68,-3.18,0.72,1.13,4.39,3.55,-0.27,1.11,-0.76,1.29,1.45,0.26,-0.67,-1.86,-1.02,-1.05,0.27,2.13,-2.97,2.53,9.24,5.72,3.21,2.73,2.13,3.23,-0.03,-0.08,-0.81,2.24
1.24,1.9,2.87,3.1,2.18,-1.1,-3.16,-4.3,-2.96,-1.46,-1.94,-1.5,6.44,9.27,9.43,8.44,8.34,7.21,5.0,3.3,3.51,3.83,4.66,6.74,8.26,7.41,7.67,10.52,7.73,9.27,6.64,4.96,4.81,3.95,1.77,0.25,-1.15,-4.4,-6.82,-5.95,-4.46,-5.22,-6.92,-7.4,-8.08,-11.59,-9.5,-5.33,-3.28,-0.65,-2.03,-1.91,-6.0,1.29,-3.15,3.25,1.06,1.34,2.15,0.72,1.27,1.14,0.69,-0.61,-1.95,-0.24,1.37,0.3,-1.06,0.14,7.78,6.99,2.34,-0.04,1.19,1.43,1.41,1.91,0.89,0.73,1.78
-6.34,-9.71,-11.77,-11.36,-12.06,-9.87,-7.0,-1.99,-2.0,-3.42,-1.16,3.56,6.44,5.76,7.45,8.21,7.0,5.29,3.59,2.32,0.91,2.28,5.23,6.71,7.71,8.23,11.28,10.24,7.6,6.45,3.27,3.23,1.81,2.55,1.17,0.03,-1.72,-4.78,-8.85,-7.91,-6.6,-6.49,-8.43,-10.66,-6.95,-6.86,-7.37,-4.18,-6.23,-6.11,-5.37,-4.42,-2.85,-3.26,-2.27,-0.95,5.41,4.01,4.27,5.31,4.05,4.78,3.05,-0.16,0.8,0.91,-0.75,-2.68,1.31,4.56,4.13,2.5,0.09,1.92,2.2,2.29,0.42,-0.68,-1.19,-0.94,1.93
-9.39,-10.18,-10.83,-8.85,-5.16,-1.78,-0.32,-1.88,-1.08,1.91,1.99,3.3,5.09,8.28,8.11,7.23,7.13,6.69,6.34,5.21,2.85,1.0,1.96,4.96,9.44,10.68,9.47,5.75,7.21,5.84,2.6,1.2,-0.35,0.97,-0.01,-1.66,-3.46,-5.01,-8.49,-9.14,-8.21,-6.63,-6.39,-7.69,-6.02,-7.12,-6.16,-4.86,-4.38,-7.95,-8.9,-6.77,-4.63,-1.87,-1.66,3.15,4.68,1.14,0.82,3.1,6.31,3.88,3.24,2.28,0.99,-0.42,0.69,3.78,9.02,5.88,0.29,-0.88,0.52,1.65,0.73,0.6,0.72,-0.12,-3.65,-3.54,1.32
-3.42,-4.12,-5.0,-4.1,-2.73,-0.38,3.22,5.37,6.22,5.08,4.94,5.27,7.98,7.28,5.79,6.44,9.42,9.88,11.14,10.85,8.56,6.0,6.09,7.59,7.84,6.19,7.28,9.21,6.23,5.36,2.87,0.85,-0.1,-1.68,-1.29,-2.17,-3.94,-7.17,-9.33,-9.6,-8.25,-7.39,-6.47,-6.05,-7.42,-7.19,-7.45,-7.06,-6.91,-7.58,-8.69,-7.91,-5.87,-4.19,1.1,5.21,3.2,0.85,2.2,3.17,2.98,3.87,0.53,1.46,0.3,-1.96,-0.95,3.74,5.35,3.16,-1.83,-5.33,-0.97,3.59,1.52,2.28,3.04,1.68,-1.48,-1.25,1.51
-2.16,-1.93,-2.18,-1.52,1.13,5.33,5.99,5.12,4.85,5.56,7.05,9.82,7.43,4.57,4.03,4.76,8.54,10.75,11.04,9.49,8.77,8.66,6.99,7.99,7.44,7.66,8.88,7.77,5.18,1.86,1.78,0.78,-2.98,-4.57,-4.2,-4.78,-6.78,-6.25,-9.64,-9.74,-6.94,-6.73,-6.22,-6.13,-6.22,-5.55,-5.58,-5.38,-5.88,-7.42,-7.92,-6.45,-4.31,-4.49,-1.17,1.59,2.94,1.46,-1.81,3.73,2.13,1.67,1.29,0.01,0.76,0.64,0.59,1.19,1.2,1.29,-3.51,-4.94,-1.9,2.85,4.25,3.95,2.59,1.92,0.91,2.59,4.52
-1.02,-1.45,-1.33,1.07,4.66,6.61,9.11,7.21,8.28,7.76,9.26,8.84,4.98,5.46,7.34,6.67,12.57,11.42,9.64,9.42,9.07,6.15,7.03,7.5,6.65,5.13,5.63,4.86,0.84,-0.67,-0.28,-2.26,-2.79,-4.8,-5.14,-5.83,-7.23,-7.39,-8.93,-8.24,-6.74,-5.95,-7.26,-7.02,-7.67,-6.27,-4.04,-3.62,-4.8,-6.05,-5.34,-6.23,-4.57,-3.1,0.19,0.52,1.22,0.58,0.52,0.89,0.75,2.15,3.21,3.8,2.81,2.25,1.35,-1.99,-1.81,-3.42,-5.88,-1.97,-0.58,0.15,5.67,6.91,5.42,6.13,5.11,6.29,8.21
1.59,1.6,2.45,3.88,5.79,8.53,9.07,9.24,6.64,7.82,7.94,6.94,4.72,6.41,8.88,6.66,6.97,7.96,8.97,8.48,5.98,5.91,6.15,7.07,6.62,3.74,4.25,4.51,-3.22,-1.11,-2.53,-4.85,-7.28,-7.9,-6.55,-7.53,-6.58,-7.74,-8.82,-8.34,-4.93,-3.9,-4.59,-5.21,-5.22,-5.11,-2.72,-1.66,-1.96,-3.66,-4.45,-4.15,-3.88,-1.79,-1.3,-2.09,-1.08,-1.28,-1.38,-1.52,-3.76,0.08,4.51,5.15,4.13,1.85,0.75,-1.43,-3.84,-3.94,-2.66,-1.73,-0.74,1.78,2.52,2.21,5.54,9.47,7.97,7.11,6.25
3.66,2.69,3.38,4.06,6.58,7.49,5.97,3.99,7.63,7.1,7.5,5.39,4.25,1.95,6.29,4.95,4.22,5.51,6.09,3.63,4.29,2.82,3.34,6.91,7.43,3.77,3.14,1.33,-4.38,-3.72,-4.02,-8.7,-10.13,-9.67,-7.21,-7.51,-4.24,-3.81,-4.94,-4.56,-2.37,-2.57,-3.41,-2.66,-1.55,-0.57,-1.28,-0.33,-1.68,-2.91,-3.32,-2.25,-2.48,-3.59,-3.53,-3.13,-2.24,-2.61,-3.27,-5.89,-5.94,-0.77,6.78,8.11,4.83,1.98,0.31,-2.06,-2.28,-2.52,-1.84,-0.74,1.78,2.78,3.07,4.85,6.03,8.01,8.2,7.84,5.44
5.91,5.1,4.91,6.52,5.77,5.66,6.54,7.77,7.12,5.77,3.61,1.37,2.64,4.95,2.76,1.7,-0.68,0.68,3.89,0.83,1.25,0.45,0.61,7.48,6.02,3.33,0.7,-3.71,-6.73,-6.6,-7.51,-9.9,-12.1,-9.16,-9.63,-9.81,-2.01,-4.62,-2.33,-0.16,-1.22,-0.41,-0.03,-1.01,0.44,2.42,-2.19,-1.95,0.78,-0.48,-2.11,-1.04,-1.03,-2.57,-3.4,-2.72,-2.02,-2.62,-2.93,-3.67,-12.34,2.53,10.33,11.33,5.81,2.15,0.7,-1.54,-2.79,-2.19,-0.83,2.1,3.73,4.06,4.83,5.89,7.37,8.28,8.46,7.45,4.55
6.73,7.34,8.23,6.82,6.43,5.63,6.51,5.61,5.09,4.0,3.58,2.55,2.49,1.69,1.6,0.45,2.08,2.63,1.14,0.1,0.5,2.22,0.6,4.34,3.19,-0.98,-2.95,-6.77,-9.86,-9.74,-10.94,-10.81,-11.3,-10.11,-11.21,-10.04,-5.35,-4.52,-0.43,1.2,-0.07,-0.59,-1.93,-1.88,-0.95,-0.86,1.34,0.27,-0.56,-1.61,-2.37,-2.07,-3.06,-1.74,-2.33,-3.27,-4.11,-2.47,-5.91,-1.18,6.93,9.19,10.36,8.39,4.35,1.01,-0.01,-1.68,-2.85,-1.97,1.38,3.41,3.47,4.83,5.43,6.64,8.66,9.54,6.7,5.33,4.62
7.84,9.33,5.7,3.95,5.42,5.16,5.13,4.39,2.17,5.6,1.16,1.72,2.04,4.59,4.41,4.72,3.38,1.14,0.83,1.42,0.11,5.32,2.28,1.56,-0.29,-2.43,-3.85,-6.55,-9.69,-10.88,-11.14,-9.33,-9.63,-10.29,-11.44,-9.29,-6.04,-5.17,-2.5,-1.55,-1.88,-3.61,-3.3,-2.67,-1.73,-3.24,-0.98,-1.2,-0.78,-1.56,-3.28,-4.45,-3.96,-4.17,-2.76,0.48,1.52,2.73,5.44,9.07,5.78,5.88,4.79,2.21,0.13,0.36,-0.83,-1.88,-0.95,1.95,3.5,3.59,4.19,5.53,6.25,8.38,10.09,7.29,4.78,3.83,3.79
8.56,7.19,5.58,6.57,3.36,4.67,4.44,5.23,4.46,1.32,1.9,3.14,3.95,4.1,5.03,4.24,5.72,1.68,-0.52,-2.4,-3.06,3.67,0.76,-3.12,-3.09,-2.99,-5.38,-6.9,-7.59,-8.89,-7.13,-8.58,-10.0,-9.03,-13.22,-10.1,-6.89,-5.96,-3.08,-2.4,0.71,-1.38,-5.18,-3.11,-2.99,-3.85,-3.07,-0.61,-1.64,-1.34,-3.42,-4.62,-3.44,-2.23,2.74,3.34,3.59,3.03,4.34,3.03,0.64,0.97,0.32,-0.53,-0.45,-0.04,-0.28,0.99,1.84,1.47,1.63,0.91,6.65,8.2,5.31,7.93,5.79,2.43,5.45,2.09,-1.81
4.41,4.94,5.37,1.73,1.77,5.21,3.08,2.79,1.65,3.16,4.36,4.93,4.45,4.42,3.87,4.95,3.66,-0.98,-1.28,-2.83,-3.55,-0.57,-0.55,-5.23,-3.75,-4.12,-5.88,-5.88,-6.69,-7.33,-8.25,-10.17,-9.71,-10.48,-10.9,-8.49,-5.92,-4.81,-3.43,-2.04,-0.68,-2.99,-4.44,-5.0,-4.23,-4.85,-3.86,-1.6,1.43,-3.88,-3.32,-3.62,-2.2,-0.29,1.95,5.6,2.36,0.99,-0.04,0.34,-0.86,0.1,0.01,-0.51,-0.62,0.29,0.95,0.83,-0.05,-0.06,-0.98,5.07,8.52,6.79,5.33,2.87,3.11,5.56,5.18,-3.16,-2.23
