data/2016040900_700.json
{"header": { "discipline":0, "disciplineName":"Meteorological products", "gribEdition":2, "gribLength":75828, "center":7, "centerName":"US National Weather Service - NCEP(WMC)", "subcenter":0, "refTime":"2016-04-09T00:00:00.000Z", "significanceOfRT":1, "significanceOfRTName":"Start of forecast", "productStatus":0, "productStatusName":"Operational products", "productType":1, "productTypeName":"Forecast products", "productDefinitionTemplate":0, "productDefinitionTemplateName":"Analysis/forecast at horizontal level/layer at a point in time", "parameterCategory":2, "parameterCategoryName":"Momentum", "parameterNumber":2, "parameterNumberName":"U-component_of_wind", "parameterUnit":"m.s-1", "genProcessType":2, "genProcessTypeName":"Forecast", "forecastTime":0, "surface1Type":100, "surface1TypeName":"Isobaric surface", "surface1Value":70000.0, "surface2Type":255, "surface2TypeName":"Missing", "surface2Value":0.0, "gridDefinitionTemplate":0, "gridDefinitionTemplateName":"Latitude_Longitude", "numberPoints":65160, "shape":6, "shapeName":"Earth spherical with radius of 6,371,229.0 m", "gridUnits":"degrees", "resolution":48, "winds":"true", "scanMode":0, "nx":360, "ny":181, "basicAngle":0, "subDivisions":0, "lo1":0.0, "la1":90.0, "lo2":359.0, "la2":-90.0, "dx":1.0, "dy":1.0 }, "data":
[rows 105 to 139 of 181, columns 158 to 236 of 360]
1.24,2.06,2.65,2.08,1.81,2.51,4.44,5.95,6.81,8.1,6.26,5.51,4.82,3.19,1.0,-0.13,-0.29,0.77,0.93,1.61,0.02,3.77,5.77,5.85,7.82,8.03,8.26,8.51,6.55,5.36,5.15,5.02,2.19,4.07,2.47,2.86,2.45,0.94,0.64,-0.32,-1.58,-4.36,-3.87,-3.61,-4.85,-5.89,-6.12,-6.83,-6.94,-6.94,-7.42,-7.13,-6.82,-6.74,-6.43,-6.86,-6.27,-6.37,-5.68,-5.59,-4.22,-3.06,-1.77,-1.92,-1.74,-2.06,-2.04,-2.61,-3.34,-5.55,-6.84,-7.21,-6.71,-6.23,-6.12,-6.09,-5.81,-5.08,-4.46
-6.95,-6.14,-4.77,-3.02,-3.67,-2.43,-2.07,-0.84,-0.36,0.15,0.35,-1.6,-2.42,-1.66,-0.52,0.03,0.14,-0.01,1.0,2.56,4.06,3.7,6.25,8.21,9.43,8.47,8.5,7.49,7.15,6.69,4.68,4.79,5.05,4.87,3.62,3.99,2.5,3.4,2.24,1.29,0.99,-0.08,-2.52,-1.84,-1.97,-3.72,-4.93,-5.54,-6.04,-5.58,-6.29,-7.03,-6.86,-6.93,-6.8,-6.65,-6.79,-6.46,-5.25,-4.44,-4.52,-4.24,-2.63,-1.83,-1.29,-1.96,-2.53,-2.95,-5.12,-7.39,-7.59,-8.28,-8.32,-8.34,-7.78,-7.42,-6.97,-6.65,-6.37
-7.15,-5.68,-4.66,-3.66,-3.79,-5.32,-4.82,-5.02,-4.94,-5.45,-4.28,-2.39,-1.78,0.11,-0.44,-0.15,-0.25,-0.65,-0.14,1.7,3.62,5.41,5.76,6.04,7.5,7.2,7.26,9.15,11.06,11.54,10.26,9.11,8.13,8.34,8.02,4.49,7.33,3.19,4.61,3.66,2.25,2.29,1.11,-1.08,-0.83,-1.29,-2.22,-2.82,-3.88,-4.62,-5.56,-5.84,-6.67,-6.45,-6.73,-6.7,-6.53,-5.76,-4.06,-4.7,-4.37,-4.51,-3.92,-2.93,-2.68,-3.8,-4.21,-5.78,-7.68,-7.77,-7.8,-8.65,-9.27,-9.5,-9.36,-9.94,-9.55,-8.43,-7.18
-6.5,-6.14,-5.31,-4.86,-3.48,-4.62,-7.01,-7.48,-7.34,-5.69,-5.23,-1.67,0.05,0.39,0.65,0.79,0.43,0.32,0.08,0.67,2.96,3.11,3.11,4.54,6.02,7.12,7.46,7.32,7.91,10.39,12.72,12.63,11.92,10.22,10.27,9.66,7.58,6.5,6.07,5.94,4.75,4.34,3.49,1.94,0.56,0.21,-0.22,-1.62,-2.18,-3.28,-4.23,-4.44,-4.97,-5.56,-5.95,-6.8,-6.59,-6.36,-5.99,-5.59,-4.91,-5.25,-5.46,-5.25,-5.37,-5.42,-6.78,-7.14,-6.79,-7.11,-7.33,-7.88,-8.7,-8.64,-8.7,-8.89,-9.38,-9.71,-9.38
-8.26,-8.49,-8.49,-7.98,-6.63,-5.56,-5.28,-8.6,-6.92,-4.31,-1.64,0.43,-0.65,0.1,0.89,1.15,0.64,0.14,0.06,0.94,1.82,2.44,3.89,5.09,5.76,6.71,7.54,8.58,9.77,10.76,11.55,11.16,12.5,13.22,12.72,11.97,11.06,12.0,10.57,9.22,8.25,6.6,5.95,4.81,3.28,2.35,1.92,0.26,-1.2,-2.27,-2.85,-3.21,-3.84,-4.04,-4.75,-6.05,-6.37,-5.73,-5.46,-5.29,-5.57,-6.04,-6.4,-6.07,-5.75,-6.23,-7.1,-6.51,-5.81,-6.69,-6.18,-6.54,-7.56,-7.79,-7.84,-8.07,-8.67,-9.87,-9.93
-7.5,-7.8,-8.23,-8.58,-8.19,-7.5,-5.84,-4.15,-5.94,-3.91,-0.79,-0.3,-1.0,-0.83,0.03,0.38,0.45,0.67,0.63,1.0,1.52,2.09,3.03,3.76,4.92,6.56,7.26,8.18,8.77,9.74,11.04,12.43,12.21,13.11,14.09,14.68,13.42,12.89,13.54,13.82,12.29,10.55,9.08,8.12,6.58,5.17,4.66,3.26,1.02,-0.69,-1.39,-2.18,-2.67,-2.92,-3.35,-3.91,-5.38,-5.71,-5.31,-4.94,-5.18,-5.59,-5.69,-5.3,-5.4,-5.55,-5.78,-5.49,-5.04,-5.06,-5.59,-6.24,-7.12,-7.56,-7.74,-7.76,-7.99,-8.52,-8.49
-5.93,-6.21,-6.29,-6.16,-6.46,-6.47,-5.59,-3.51,-2.4,-2.09,-2.33,-2.09,-1.53,-1.51,-1.21,-0.68,0.13,0.86,1.46,1.39,1.45,1.78,2.09,2.85,3.72,4.59,5.36,6.66,7.82,8.9,10.26,11.7,12.99,13.26,13.64,14.55,15.37,15.36,14.8,15.66,16.46,15.5,14.18,12.63,10.67,9.44,7.63,6.38,4.25,2.13,0.86,0.2,-0.72,-1.88,-2.18,-2.15,-2.53,-3.89,-4.8,-4.45,-3.9,-3.83,-3.49,-3.49,-3.44,-3.82,-3.9,-3.01,-3.22,-3.74,-5.06,-5.58,-6.09,-6.22,-6.23,-6.61,-6.71,-6.52,-6.19
-5.25,-4.98,-4.73,-4.65,-4.56,-4.17,-4.15,-3.87,-2.58,-1.88,-1.89,-2.07,-2.39,-2.15,-1.74,-1.31,-0.03,0.75,0.96,1.08,0.93,0.58,0.45,0.47,1.34,2.27,3.18,4.33,5.45,6.32,7.91,9.46,11.79,13.25,14.15,14.47,15.35,16.85,17.65,17.46,17.85,18.97,19.07,18.01,16.31,13.4,11.94,10.06,8.04,5.86,4.53,3.51,2.5,1.41,-0.24,-1.39,-2.07,-1.85,-2.18,-3.46,-3.3,-2.66,-2.08,-1.64,-1.57,-1.85,-0.66,-0.9,-1.6,-2.21,-3.24,-4.06,-4.22,-4.21,-3.91,-4.05,-4.44,-4.65,-4.43
-4.37,-4.12,-3.93,-3.63,-3.34,-3.1,-2.77,-2.63,-2.44,-1.98,-1.74,-1.71,-1.87,-1.97,-2.0,-1.95,-1.58,-0.74,-0.42,-0.44,-0.69,-1.19,-1.39,-0.79,-0.13,-0.4,0.05,1.23,2.79,4.02,5.18,6.4,8.54,10.58,12.17,13.92,15.15,17.18,19.12,19.55,19.59,19.76,20.35,21.1,21.31,20.21,16.41,14.42,12.93,10.58,8.56,7.43,6.15,5.24,3.68,1.53,0.08,-0.67,-0.94,-0.73,-1.78,-1.83,-0.74,0.51,0.89,0.35,-0.12,-0.63,-0.75,-0.65,-1.07,-2.35,-2.74,-2.84,-2.52,-2.28,-2.35,-2.43,-2.46
-5.77,-5.66,-5.33,-4.68,-3.7,-2.9,-2.33,-2.14,-2.23,-2.08,-1.65,-1.29,-1.21,-1.29,-1.5,-1.93,-2.19,-2.28,-2.05,-2.28,-2.06,-2.71,-2.45,-1.83,-1.68,-2.11,-1.88,-1.49,-0.13,0.79,1.79,3.08,4.57,6.59,8.63,10.2,12.53,15.07,18.21,20.45,21.22,21.56,21.5,21.87,22.09,23.15,23.09,19.56,17.18,15.53,13.88,11.69,10.51,9.39,8.37,6.71,4.49,2.87,1.56,1.01,1.2,0.72,0.46,1.52,2.46,1.86,0.73,-0.02,0.06,0.54,0.97,0.31,-0.53,-0.88,-1.09,-0.77,-0.26,-0.12,-0.12
-7.95,-7.9,-7.12,-6.29,-5.4,-3.97,-2.93,-2.37,-2.39,-2.5,-2.21,-1.81,-1.75,-1.83,-1.85,-1.72,-1.89,-2.56,-2.32,-2.62,-2.64,-2.39,-2.44,-2.24,-2.7,-3.2,-3.53,-2.74,-2.17,-1.22,0.22,1.31,1.88,2.49,4.17,6.23,8.25,10.88,13.92,17.21,19.82,21.86,23.29,23.24,23.1,23.57,24.46,24.73,22.35,19.72,17.95,16.6,15.69,14.76,13.51,12.27,10.55,8.17,5.76,3.99,3.38,3.44,3.48,2.92,3.56,4.75,4.41,3.22,2.54,2.17,2.33,2.17,1.31,1.06,0.82,0.65,1.53,1.53,1.21
-7.29,-6.89,-5.8,-4.35,-3.16,-2.66,-2.8,-2.34,-1.66,-1.81,-1.8,-1.85,-1.82,-2.1,-2.04,-1.44,-1.48,-1.71,-2.03,-2.42,-2.49,-1.97,-1.82,-1.95,-2.7,-3.13,-3.1,-3.26,-3.16,-2.4,-1.02,-1.09,-1.58,-0.95,-0.45,1.22,3.69,6.04,8.57,11.83,15.6,18.43,20.77,22.95,24.38,24.11,24.14,25.19,26.25,24.27,21.47,20.54,19.5,19.46,18.95,17.62,15.67,14.28,12.66,9.95,7.37,6.02,5.75,5.97,5.81,5.86,6.73,6.83,6.06,5.36,4.97,4.42,3.99,3.32,2.74,2.1,2.28,1.49,1.1
-5.37,-5.24,-4.54,-3.31,-1.32,0.14,0.78,0.59,0.31,0.43,0.14,-0.24,-0.69,-0.95,-1.79,-1.89,-0.94,-1.02,-1.56,-1.95,-1.91,-1.58,-1.37,-1.49,-2.21,-2.51,-2.65,-3.03,-3.15,-2.91,-2.7,-2.67,-2.65,-2.81,-1.87,0.5,1.75,2.76,4.3,6.47,9.53,13.15,16.5,19.27,21.02,22.98,24.71,24.86,24.95,25.98,25.57,22.87,22.87,22.61,22.8,22.58,21.48,19.33,18.1,16.74,14.55,12.23,9.42,7.8,8.14,8.82,8.87,9.28,9.44,9.23,8.67,7.93,7.16,7.02,5.25,4.75,3.39,2.69,3.14
-0.34,-0.93,-1.86,-2.12,-1.47,0.62,3.14,4.21,4.04,3.37,2.6,1.93,0.63,-0.18,-1.13,-1.82,-1.29,-0.96,-0.93,-1.45,-1.82,-1.53,-1.41,-1.45,-1.71,-2.04,-2.33,-2.47,-2.76,-2.71,-3.18,-3.22,-4.72,-3.86,-2.14,-0.83,0.27,1.69,3.16,2.0,4.64,9.01,11.93,13.64,15.99,17.79,20.03,23.17,24.58,24.52,25.0,26.12,24.57,23.4,24.61,25.26,25.27,24.5,23.09,21.36,19.58,17.86,16.11,13.83,11.59,10.93,11.51,12.37,12.48,12.34,11.68,11.16,11.06,10.75,8.87,7.5,5.54,4.96,4.73
3.88,3.71,3.22,2.19,1.2,1.05,3.45,5.5,6.48,5.87,4.36,2.88,1.39,0.85,0.4,-0.67,-1.05,-1.09,-1.31,-1.69,-1.91,-1.68,-1.41,-1.13,-0.89,-1.38,-2.06,-2.31,-2.61,-2.51,-2.89,-3.92,-4.14,-2.48,-1.46,-1.0,-0.08,0.98,1.53,2.86,2.57,2.69,6.65,9.9,12.11,12.95,13.74,15.99,18.15,22.16,23.55,25.25,27.4,27.06,25.98,25.78,26.57,27.23,26.58,25.08,24.02,23.28,22.13,20.39,18.01,15.85,14.04,14.21,15.43,15.62,14.99,14.78,14.17,14.22,12.52,10.6,8.17,7.41,6.42
5.78,5.45,6.45,6.34,5.45,4.91,5.0,5.96,6.57,6.54,5.44,3.48,2.53,1.99,1.24,0.53,-0.34,-1.1,-1.45,-1.89,-2.09,-1.95,-1.48,-1.14,-0.26,-0.4,-1.59,-2.53,-3.12,-3.17,-2.7,-2.72,-1.13,-0.05,0.04,0.42,1.75,2.28,2.0,3.22,3.89,3.64,4.76,5.49,7.35,8.39,7.94,9.71,12.47,14.3,18.92,23.47,25.88,28.52,30.14,28.09,26.97,27.97,29.04,29.04,27.85,26.64,25.56,24.58,23.0,20.9,18.97,18.28,17.83,18.2,18.43,17.22,16.92,17.8,14.45,13.38,11.1,9.82,8.44
9.32,8.9,9.0,8.83,8.1,7.22,6.84,6.98,6.93,7.17,7.35,5.58,3.92,1.96,-0.86,-2.03,-0.03,0.3,-1.01,-1.55,-1.58,-1.68,-1.51,-1.24,-0.78,-0.35,-1.24,-2.46,-3.15,-3.77,-2.64,-1.6,-0.32,0.21,0.46,1.14,2.11,2.45,2.99,4.06,4.53,4.89,5.12,6.07,5.8,6.28,7.22,7.94,11.75,13.09,15.22,17.99,21.86,25.27,27.79,31.07,33.15,32.29,29.96,28.95,29.63,29.76,29.33,28.02,26.98,25.64,23.93,22.79,22.26,20.33,20.49,19.98,18.79,18.17,16.97,15.08,14.03,12.56,11.14
11.28,10.86,11.67,10.97,9.15,8.57,7.83,7.97,7.43,8.9,7.87,9.8,7.7,2.65,0.12,-2.65,-3.48,-2.12,-0.9,-0.02,0.61,-0.08,-1.07,-1.01,-0.57,-0.27,-0.3,-1.46,-2.5,-2.88,-2.54,-1.68,-0.66,-0.9,0.22,0.93,0.18,-0.59,0.13,1.31,2.83,4.95,7.61,9.31,9.96,8.23,8.72,9.27,8.03,12.71,12.84,12.91,14.62,18.4,23.29,27.43,30.31,32.84,34.72,34.99,32.2,29.3,29.37,29.71,29.72,28.88,27.42,25.98,24.6,24.14,22.2,20.87,19.62,18.69,19.74,14.91,17.19,14.73,13.71
13.33,13.13,12.5,11.05,10.08,9.55,8.84,8.36,7.87,7.52,8.38,10.17,8.65,7.39,3.16,1.98,0.38,0.17,1.52,1.35,0.66,1.72,2.12,0.46,0.31,0.49,0.33,0.42,-0.58,-1.49,-1.04,-1.36,-1.03,-1.44,-0.85,-1.97,-4.14,-4.13,-3.02,-1.6,-0.63,0.6,3.06,6.22,10.14,12.47,11.38,10.76,9.53,7.52,6.79,9.58,13.66,16.97,19.14,20.92,23.24,26.39,30.26,33.63,34.89,33.34,30.77,29.87,30.06,30.93,30.3,27.67,25.08,24.46,24.02,22.9,21.6,18.55,21.02,22.45,17.79,14.51,15.86
9.07,11.39,11.39,11.21,10.87,9.38,8.21,7.38,7.21,8.01,8.14,8.17,8.85,7.69,7.92,7.31,3.78,4.89,4.76,5.55,3.98,3.67,3.55,3.5,2.46,1.85,1.04,1.36,0.9,0.26,-0.11,-0.51,-0.75,-1.33,-1.66,-4.52,-5.48,-4.7,-3.55,-3.13,-3.06,-2.59,-0.46,3.09,5.51,7.89,10.77,10.53,10.25,7.96,9.15,11.54,14.0,16.43,19.46,23.08,26.62,29.21,30.55,31.23,32.66,33.92,32.55,31.18,30.66,31.27,29.76,25.88,23.8,23.14,23.63,24.02,23.47,20.89,22.1,24.84,21.14,18.45,16.62
8.23,7.09,6.63,6.82,6.89,6.49,6.59,6.51,6.02,6.22,8.68,10.87,12.38,10.9,9.9,8.88,7.98,11.42,9.15,8.67,9.92,7.47,5.51,5.36,5.55,4.54,2.73,2.02,2.02,1.72,0.54,-0.03,-0.63,-0.43,-1.71,-3.82,-4.6,-4.56,-4.91,-4.66,-3.76,-4.37,-2.97,-2.02,1.68,2.15,1.99,5.47,9.36,11.2,12.16,13.85,15.38,17.43,21.44,27.32,30.81,32.06,32.65,33.73,34.3,34.08,34.11,33.03,32.12,32.53,29.48,23.68,19.94,21.14,23.03,23.37,23.29,23.18,23.11,28.48,24.23,21.85,18.0
3.88,3.13,2.05,1.93,2.38,3.17,4.03,5.05,5.09,5.15,5.42,6.21,8.36,8.93,7.2,5.45,7.53,6.46,6.24,7.47,9.82,9.55,7.47,7.22,6.21,5.46,4.91,3.08,2.78,2.52,1.81,0.96,0.22,0.0,-1.04,-2.3,-3.51,-3.22,-4.51,-4.55,-4.49,-5.0,-5.97,-5.18,-4.36,-5.51,-4.71,-2.59,-0.1,2.63,4.93,8.56,11.02,11.8,19.58,27.55,31.99,35.22,37.88,37.79,35.83,35.24,33.78,33.81,34.44,33.48,29.44,21.86,18.3,19.22,21.0,22.32,22.62,24.03,23.18,32.41,29.98,24.36,19.08
4.58,3.68,3.0,2.37,1.71,2.16,2.12,3.72,4.74,4.96,4.31,4.66,4.93,5.42,4.55,3.75,2.19,3.08,3.28,2.96,4.79,8.16,8.87,7.41,6.56,8.14,5.67,4.07,3.31,3.0,3.09,2.04,1.89,0.46,-0.19,-1.06,-2.3,-2.88,-4.46,-5.13,-6.46,-5.01,-6.48,-7.96,-9.99,-6.99,-5.61,-2.98,0.48,3.88,0.31,0.51,4.94,10.14,16.4,24.19,28.46,24.44,28.74,35.03,36.97,35.16,32.8,31.5,30.01,30.89,26.86,20.76,18.33,18.44,18.86,19.82,21.49,20.98,23.72,33.2,32.89,25.12,18.57
5.78,5.02,5.45,4.74,1.96,1.38,2.12,2.1,3.6,3.79,3.79,3.79,3.87,4.17,4.65,4.48,4.2,3.45,4.04,4.98,6.17,7.9,6.69,5.57,4.94,5.24,6.43,5.2,4.1,3.86,3.69,3.31,2.08,1.11,0.43,-0.66,-2.25,-3.18,-4.18,-5.14,-7.03,-5.81,-6.03,-6.24,-6.58,-6.92,-6.73,-5.03,-4.16,-3.24,-2.0,-3.43,-0.81,4.19,6.05,7.84,8.87,6.7,12.32,15.84,20.52,26.34,27.27,26.63,23.95,21.23,19.01,16.77,17.76,19.36,18.81,17.7,19.3,22.6,28.17,33.3,29.85,23.13,14.75
6.22,7.14,5.98,7.52,6.82,2.64,1.75,0.51,2.81,3.43,3.09,3.71,3.98,4.75,5.07,4.33,4.33,3.76,5.14,5.4,6.7,6.23,6.26,5.67,5.08,4.06,4.27,6.44,4.26,5.24,4.58,3.98,2.71,1.59,0.61,-0.66,-2.29,-2.83,-4.91,-5.15,-6.41,-6.25,-6.46,-7.7,-8.9,-9.6,-8.66,-6.47,-5.49,-4.53,-6.93,-7.31,-9.69,-8.67,-4.54,-16.44,-1.83,-4.66,-3.14,-2.92,1.34,7.09,12.04,14.77,16.42,16.27,15.37,16.41,17.5,16.94,16.35,16.67,16.8,19.26,14.85,18.59,18.32,14.17,4.47
4.88,4.5,3.71,3.49,5.42,3.44,1.96,1.4,1.21,1.91,2.79,4.51,5.11,5.77,5.71,4.02,4.77,4.58,4.07,5.36,4.7,5.54,6.88,7.41,7.57,7.05,6.07,4.49,5.72,4.76,6.04,4.94,3.97,2.57,0.95,0.15,-1.75,-2.36,-4.81,-5.97,-7.54,-8.54,-8.44,-9.16,-9.5,-9.88,-9.97,-9.97,-10.38,-9.51,-10.31,-10.65,-10.11,-13.26,-17.25,-17.96,-18.57,-11.03,-13.04,-15.84,-13.19,-9.34,-4.26,0.73,3.66,4.62,6.71,9.59,10.38,9.8,10.45,15.42,17.07,16.16,17.21,14.05,8.21,4.98,5.67
5.63,5.47,4.53,4.24,5.57,4.58,3.15,2.63,2.41,1.51,1.16,1.65,2.91,3.84,4.4,4.07,4.98,5.47,4.48,4.13,3.96,4.48,5.24,5.67,5.89,5.66,6.24,7.27,7.22,6.89,6.01,6.37,5.46,3.93,2.25,1.18,0.14,-1.45,-2.75,-5.47,-7.39,-8.15,-8.37,-8.62,-9.28,-10.36,-11.56,-12.39,-12.28,-12.41,-11.54,-11.73,-12.64,-14.1,-14.5,-20.49,-22.9,-23.94,-22.28,-16.29,-11.55,-9.53,-7.45,-4.97,-2.54,0.66,4.13,7.87,9.53,8.52,10.12,10.89,10.14,5.46,3.1,2.15,2.71,2.04,1.78
6.91,6.77,6.59,6.61,6.56,6.05,3.83,3.3,2.86,3.15,3.0,2.58,2.22,2.98,3.28,2.76,3.36,3.4,3.41,3.28,3.4,3.74,4.4,4.58,4.78,5.56,6.44,6.75,7.63,8.98,8.49,6.83,7.11,6.12,4.53,3.19,2.61,0.35,-1.54,-3.87,-5.18,-6.3,-7.17,-7.96,-8.41,-9.08,-9.73,-10.19,-10.74,-11.83,-12.78,-13.47,-14.51,-15.87,-17.24,-17.36,-19.21,-22.4,-25.32,-26.42,-26.56,-24.48,-20.94,-17.58,-13.63,-10.45,-9.59,-9.27,-8.6,-8.79,-8.41,-6.4,-4.84,-4.87,-3.61,-1.53,-1.4,0.58,0.65
9.12,7.84,6.83,6.55,6.42,5.98,5.49,4.62,3.85,3.85,4.69,4.54,3.69,5.43,3.46,4.32,4.64,4.96,5.31,5.14,4.94,4.77,5.1,5.82,6.49,7.04,7.8,9.36,9.88,10.08,10.91,7.57,7.99,8.43,6.7,5.41,4.43,2.81,-0.16,-2.33,-3.52,-4.51,-5.14,-5.62,-6.22,-6.59,-6.96,-6.92,-6.91,-7.6,-8.8,-10.24,-11.72,-13.16,-14.92,-16.79,-18.01,-18.63,-19.62,-20.47,-20.44,-19.57,-18.63,-17.65,-16.48,-14.79,-12.78,-10.47,-8.91,-7.76,-6.36,-5.16,-4.18,-3.7,-4.22,-3.82,-2.57,0.63,3.64
13.71,13.19,11.81,10.4,9.16,8.12,7.31,5.96,4.44,5.61,5.51,7.12,5.31,6.62,7.16,7.87,7.94,7.31,7.15,7.13,6.82,6.78,6.97,7.24,7.92,8.61,9.04,9.28,10.61,12.26,12.39,11.82,10.3,9.95,9.04,7.44,5.49,4.92,2.34,0.12,-1.81,-2.68,-3.27,-3.91,-4.84,-5.48,-6.14,-6.43,-6.63,-6.28,-6.21,-6.54,-7.53,-9.05,-10.41,-11.83,-13.16,-14.27,-15.33,-15.79,-15.35,-14.42,-13.46,-12.4,-11.44,-10.62,-9.52,-8.47,-7.47,-6.14,-4.86,-4.01,-3.38,-2.34,-0.61,1.72,4.07,5.97,7.86
15.56,14.98,14.63,15.0,14.55,12.78,10.8,8.79,6.86,7.69,7.27,7.35,7.72,8.45,9.51,9.5,9.59,9.46,8.95,8.48,8.23,8.06,8.09,8.34,8.97,9.87,10.34,10.6,10.47,11.75,13.49,14.45,11.58,11.42,10.22,9.3,7.29,5.66,4.66,2.61,0.52,-0.87,-1.23,-2.09,-3.6,-5.29,-6.06,-6.1,-5.75,-5.83,-5.33,-5.01,-5.33,-6.06,-7.06,-8.01,-8.9,-9.45,-9.59,-9.53,-9.43,-9.1,-8.54,-7.43,-6.04,-4.5,-3.44,-2.54,-1.51,-0.22,1.09,1.54,2.56,3.83,5.36,7.24,9.7,10.81,11.42
15.9,16.45,16.91,16.91,16.47,16.22,16.02,14.55,14.11,13.65,8.54,8.72,7.65,9.58,9.74,9.79,9.58,9.37,9.51,9.51,9.01,8.39,8.68,8.96,9.24,9.8,10.56,11.17,11.63,11.64,12.32,13.87,14.95,10.98,11.41,10.54,9.1,6.77,5.72,4.31,2.84,1.63,1.46,1.03,-0.34,-2.43,-3.57,-3.84,-4.71,-5.43,-5.61,-5.39,-5.0,-4.68,-5.09,-5.45,-6.12,-6.48,-6.7,-6.84,-6.71,-6.07,-4.94,-3.49,-2.02,-0.61,0.83,2.23,3.53,4.67,5.58,6.31,7.44,8.04,9.26,11.12,11.38,8.96,9.52
16.18,16.61,17.02,17.57,17.9,18.02,17.68,17.86,17.24,18.38,16.28,12.73,10.36,9.3,8.91,9.17,9.4,9.61,10.5,10.56,10.56,10.03,9.76,10.05,9.92,10.22,10.8,11.16,11.62,12.58,12.71,12.91,15.49,11.72,12.24,11.85,10.89,9.04,7.07,5.99,6.12,5.2,4.43,3.95,3.07,1.49,0.71,-0.83,-2.28,-2.84,-3.95,-4.8,-5.14,-4.92,-4.71,-4.81,-4.78,-5.04,-5.51,-5.85,-5.64,-4.94,-4.23,-3.42,-2.34,-0.91,0.91,3.03,5.25,7.35,8.85,9.42,9.85,11.09,13.56,12.19,13.07,13.88,12.93
16.96,17.33,17.5,17.56,17.96,18.57,19.19,19.46,20.47,21.91,21.78,20.42,18.15,17.1,16.8,16.29,14.36,12.66,12.72,12.6,12.94,13.1,12.62,12.05,11.87,11.33,11.55,11.56,11.38,11.66,13.01,13.9,14.43,15.73,14.58,12.24,12.01,11.5,10.26,8.7,8.27,8.31,7.42,6.33,5.3,3.93,3.62,3.0,0.97,0.07,-0.87,-2.25,-2.99,-2.91,-2.92,-3.04,-3.2,-3.63,-3.94,-3.98,-3.77,-3.45,-2.86,-2.1,-1.1,0.11,1.38,2.86,4.45,6.29,8.65,11.01,12.75,13.83,14.47,14.27,16.82,16.92,15.23
19.43,19.41,19.54,19.37,18.89,19.02,19.11,19.24,20.0,20.94,22.42,24.52,25.94,26.29,25.28,24.43,23.46,22.25,20.84,19.21,17.38,16.44,15.5,14.38,13.65,13.23,12.01,12.1,11.76,12.19,13.05,14.53,15.95,16.35,16.96,14.31,13.43,13.2,13.14,12.21,11.41,10.51,9.69,8.84,7.54,6.32,5.81,5.33,3.61,2.56,1.94,0.72,-1.1,-1.82,-1.86,-1.87,-1.62,-1.14,-0.85,-1.11,-1.38,-1.28,-0.86,-0.13,1.07,2.3,3.57,4.93,6.29,7.74,9.23,11.04,12.74,13.48,13.68,15.36,16.66,17.58,17.19
