data/2016040900_700.json
{"header": { "discipline":0, "disciplineName":"Meteorological products", "gribEdition":2, "gribLength":75828, "center":7, "centerName":"US National Weather Service - NCEP(WMC)", "subcenter":0, "refTime":"2016-04-09T00:00:00.000Z", "significanceOfRT":1, "significanceOfRTName":"Start of forecast", "productStatus":0, "productStatusName":"Operational products", "productType":1, "productTypeName":"Forecast products", "productDefinitionTemplate":0, "productDefinitionTemplateName":"Analysis/forecast at horizontal level/layer at a point in time", "parameterCategory":2, "parameterCategoryName":"Momentum", "parameterNumber":2, "parameterNumberName":"U-component_of_wind", "parameterUnit":"m.s-1", "genProcessType":2, "genProcessTypeName":"Forecast", "forecastTime":0, "surface1Type":100, "surface1TypeName":"Isobaric surface", "surface1Value":70000.0, "surface2Type":255, "surface2TypeName":"Missing", "surface2Value":0.0, "gridDefinitionTemplate":0, "gridDefinitionTemplateName":"Latitude_Longitude", "numberPoints":65160, "shape":6, "shapeName":"Earth spherical with radius of 6,371,229.0 m", "gridUnits":"degrees", "resolution":48, "winds":"true", "scanMode":0, "nx":360, "ny":181, "basicAngle":0, "subDivisions":0, "lo1":0.0, "la1":90.0, "lo2":359.0, "la2":-90.0, "dx":1.0, "dy":1.0 }, "data":
[rows 0 to 34 of 181, columns 0 to 78 of 360]
-6.11,-6.08,-6.05,-6.02,-5.99,-5.95,-5.91,-5.87,-5.83,-5.79,-5.75,-5.7,-5.65,-5.6,-5.55,-5.5,-5.44,-5.38,-5.33,-5.27,-5.2,-5.14,-5.08,-5.01,-4.94,-4.87,-4.8,-4.73,-4.66,-4.58,-4.51,-4.43,-4.35,-4.27,-4.19,-4.1,-4.02,-3.93,-3.85,-3.76,-3.67,-3.58,-3.49,-3.4,-3.3,-3.21,-3.11,-3.02,-2.92,-2.82,-2.72,-2.62,-2.52,-2.42,-2.32,-2.21,-2.11,-2.01,-1.9,-1.8,-1.69,-1.58,-1.48,-1.37,-1.26,-1.15,-1.05,-0.94,-0.83,-0.72,-0.61,-0.5,-0.39,-0.28,-0.17,-0.06,0.05,0.16,0.27
3.32,3.32,3.31,3.3,3.29,3.28,3.27,3.26,3.24,3.23,3.22,3.2,3.19,3.17,3.15,3.13,3.12,3.1,3.08,3.06,3.05,3.03,3.01,3.0,2.98,2.97,2.96,2.95,2.94,2.94,2.93,2.93,2.93,2.94,2.94,2.95,2.97,2.98,3.0,3.02,3.04,3.07,3.1,3.13,3.16,3.2,3.23,3.27,3.32,3.36,3.41,3.45,3.5,3.55,3.6,3.65,3.7,3.76,3.81,3.87,3.92,3.98,4.03,4.09,4.15,4.21,4.27,4.33,4.39,4.45,4.51,4.57,4.64,4.7,4.77,4.84,4.91,4.98,5.05
7.86,7.92,7.99,8.04,8.09,8.14,8.18,8.21,8.23,8.25,8.26,8.26,8.25,8.23,8.2,8.17,8.12,8.07,8.01,7.94,7.86,7.78,7.7,7.61,7.51,7.42,7.32,7.23,7.13,7.04,6.96,6.88,6.81,6.74,6.68,6.63,6.59,6.55,6.52,6.5,6.48,6.47,6.47,6.46,6.47,6.47,6.48,6.49,6.5,6.51,6.52,6.53,6.54,6.55,6.55,6.56,6.57,6.57,6.58,6.58,6.59,6.59,6.6,6.6,6.61,6.62,6.63,6.65,6.66,6.69,6.71,6.75,6.78,6.83,6.88,6.95,7.02,7.1,7.2
9.58,9.41,9.24,9.07,8.92,8.77,8.62,8.49,8.36,8.23,8.12,8.01,7.92,7.82,7.74,7.66,7.59,7.52,7.46,7.41,7.36,7.31,7.27,7.23,7.2,7.17,7.14,7.12,7.1,7.07,7.05,7.03,7.01,6.99,6.97,6.94,6.92,6.89,6.86,6.84,6.81,6.79,6.77,6.75,6.74,6.74,6.75,6.77,6.8,6.84,6.9,6.97,7.06,7.16,7.27,7.4,7.53,7.68,7.84,8.01,8.18,8.36,8.54,8.73,8.92,9.11,9.3,9.5,9.7,9.9,10.1,10.31,10.52,10.74,10.96,11.19,11.42,11.66,11.9
7.48,7.44,7.41,7.41,7.41,7.44,7.48,7.53,7.6,7.68,7.78,7.88,7.99,8.12,8.24,8.38,8.52,8.67,8.82,8.98,9.13,9.29,9.45,9.61,9.77,9.92,10.08,10.22,10.37,10.51,10.64,10.77,10.9,11.02,11.13,11.24,11.34,11.44,11.52,11.61,11.68,11.75,11.81,11.87,11.93,11.98,12.02,12.06,12.09,12.12,12.14,12.16,12.16,12.16,12.14,12.12,12.08,12.04,11.99,11.94,11.89,11.83,11.79,11.75,11.72,11.7,11.69,11.69,11.7,11.73,11.76,11.8,11.84,11.89,11.94,11.99,12.03,12.08,12.12
12.32,12.21,12.09,11.97,11.85,11.72,11.59,11.46,11.33,11.2,11.06,10.92,10.79,10.66,10.54,10.42,10.33,10.24,10.18,10.14,10.12,10.12,10.14,10.17,10.23,10.29,10.36,10.44,10.52,10.6,10.68,10.75,10.82,10.87,10.91,10.94,10.96,10.97,10.96,10.94,10.9,10.85,10.78,10.7,10.61,10.5,10.39,10.27,10.14,10.02,9.88,9.76,9.63,9.52,9.42,9.33,9.25,9.2,9.15,9.12,9.1,9.09,9.09,9.09,9.09,9.1,9.09,9.08,9.07,9.04,9.0,8.96,8.9,8.85,8.79,8.74,8.69,8.64,8.6
9.23,9.01,8.79,8.59,8.42,8.28,8.18,8.11,8.07,8.08,8.11,8.16,8.24,8.32,8.42,8.52,8.63,8.75,8.88,9.02,9.16,9.32,9.48,9.66,9.84,10.03,10.22,10.42,10.61,10.8,10.97,11.13,11.27,11.38,11.47,11.53,11.55,11.55,11.51,11.44,11.33,11.2,11.05,10.88,10.71,10.55,10.39,10.24,10.1,9.96,9.82,9.69,9.56,9.44,9.32,9.2,9.07,8.94,8.8,8.66,8.5,8.35,8.19,8.04,7.88,7.73,7.57,7.42,7.28,7.14,7.01,6.88,6.75,6.61,6.47,6.3,6.13,5.94,5.75
9.0,8.88,8.79,8.72,8.69,8.69,8.72,8.76,8.79,8.82,8.84,8.85,8.85,8.85,8.85,8.86,8.89,8.94,9.03,9.15,9.29,9.45,9.62,9.79,9.97,10.13,10.3,10.46,10.61,10.74,10.83,10.86,10.83,10.76,10.65,10.54,10.41,10.29,10.16,10.04,9.91,9.79,9.67,9.56,9.44,9.33,9.21,9.09,8.99,8.89,8.8,8.71,8.63,8.54,8.44,8.34,8.23,8.13,8.03,7.93,7.85,7.79,7.74,7.7,7.67,7.65,7.61,7.57,7.49,7.39,7.25,7.08,6.9,6.74,6.62,6.56,6.59,6.7,6.87
8.88,8.83,8.83,8.84,8.87,8.87,8.84,8.79,8.74,8.69,8.69,8.73,8.82,8.94,9.07,9.19,9.27,9.33,9.36,9.39,9.43,9.47,9.5,9.5,9.47,9.45,9.47,9.55,9.7,9.86,9.91,9.73,9.27,8.69,8.19,7.95,8.0,8.23,8.47,8.57,8.48,8.24,7.94,7.68,7.5,7.4,7.38,7.38,7.41,7.44,7.48,7.54,7.62,7.73,7.86,8.03,8.2,8.35,8.46,8.59,8.61,8.63,8.56,8.48,8.41,8.38,8.42,8.51,8.63,8.77,8.88,8.95,8.96,8.92,8.85,8.72,8.54,8.27,7.91
8.33,8.65,9.0,9.35,9.69,10.0,10.31,10.6,10.85,11.05,11.2,11.27,11.26,11.18,11.01,10.77,10.49,10.2,9.92,9.65,9.35,9.0,8.68,8.43,8.28,8.19,8.05,7.77,7.37,6.99,6.71,6.56,6.48,6.43,6.4,6.39,6.34,6.2,5.93,5.53,5.06,4.63,4.34,4.24,4.31,4.46,4.67,4.93,5.19,5.48,5.84,6.26,6.56,6.75,6.84,7.29,7.47,7.75,7.96,7.32,7.29,7.31,7.25,7.09,6.65,6.4,6.52,6.0,5.49,5.0,4.57,4.21,3.9,3.63,3.37,3.07,2.71,2.28,1.78
11.12,11.77,12.28,12.62,12.83,12.95,13.08,13.28,13.44,13.4,13.16,12.86,12.58,12.28,12.0,11.72,11.35,10.98,10.48,9.59,8.27,7.21,7.42,7.6,7.52,7.5,7.02,6.59,6.12,5.76,5.58,5.49,5.34,5.04,4.64,4.27,3.99,3.78,3.58,3.39,3.23,3.15,3.14,3.16,3.29,3.41,3.46,3.43,3.38,3.37,3.31,3.18,3.24,3.19,3.15,3.01,2.76,2.65,2.5,2.15,1.82,1.53,1.19,0.85,0.52,0.2,-0.16,-0.58,-1.09,-1.66,-2.26,-2.87,-3.47,-4.02,-4.5,-4.9,-5.19,-5.36,-5.42
13.25,13.64,13.93,14.14,14.27,14.32,14.25,14.09,13.92,13.77,13.54,13.15,12.5,11.4,10.63,9.63,9.6,7.91,6.93,6.5,6.0,5.67,5.24,5.21,5.24,5.19,5.13,5.02,4.81,4.56,4.26,3.91,3.55,3.23,2.93,2.63,2.32,2.03,1.76,1.52,1.26,0.98,0.68,0.41,0.17,-0.03,-0.18,-0.3,-0.4,-0.46,-0.51,-0.56,-0.63,-0.74,-0.9,-1.1,-1.3,-1.52,-1.75,-2.02,-2.34,-2.71,-3.13,-3.57,-4.01,-4.44,-4.83,-5.18,-5.49,-5.77,-6.0,-6.2,-6.37,-6.54,-6.73,-6.95,-7.21,-7.51,-7.82
14.37,14.39,14.33,14.29,14.36,14.46,14.35,13.91,13.27,12.57,11.86,11.09,10.3,9.77,9.42,8.79,7.88,6.9,6.55,6.57,6.31,5.81,5.38,5.03,4.67,4.11,3.47,2.95,2.56,2.24,1.96,1.67,1.34,0.97,0.56,0.13,-0.27,-0.6,-0.87,-1.11,-1.31,-1.45,-1.54,-1.6,-1.67,-1.77,-1.91,-2.06,-2.2,-2.33,-2.43,-2.53,-2.6,-2.63,-2.63,-2.59,-2.52,-2.48,-2.47,-2.5,-2.58,-2.7,-2.85,-3.03,-3.26,-3.56,-4.0,-4.56,-5.13,-5.64,-6.1,-6.57,-7.12,-7.78,-8.55,-9.37,-10.16,-10.85,-11.41
11.83,11.34,10.84,10.34,9.89,9.45,8.98,8.52,8.07,7.6,7.11,6.63,6.21,5.78,5.24,4.65,4.04,3.7,3.56,3.18,2.77,2.37,1.95,1.55,1.19,0.88,0.58,0.17,-0.39,-1.07,-1.7,-2.2,-2.6,-2.93,-3.2,-3.37,-3.48,-3.56,-3.63,-3.7,-3.75,-3.8,-3.82,-3.83,-3.85,-3.84,-3.8,-3.7,-3.54,-3.36,-3.2,-3.07,-3.01,-2.99,-2.99,-2.94,-2.84,-2.72,-2.63,-2.57,-2.55,-2.63,-2.8,-3.01,-3.49,-4.27,-4.43,-4.03,-4.49,-5.59,-6.8,-7.49,-8.08,-9.18,-10.72,-12.2,-13.23,-13.71,-13.63
7.03,6.47,5.84,5.19,4.6,4.19,3.97,3.88,3.77,3.48,2.95,2.2,1.29,0.39,-0.3,-0.73,-1.05,-1.41,-1.76,-2.01,-2.19,-2.39,-2.71,-3.19,-3.81,-4.43,-4.82,-4.9,-4.83,-4.84,-4.97,-5.12,-5.17,-5.23,-5.34,-5.49,-5.6,-5.63,-5.63,-5.65,-5.67,-5.67,-5.62,-5.52,-5.39,-5.25,-5.1,-4.99,-4.88,-4.74,-4.52,-4.24,-3.95,-3.69,-3.55,-3.6,-3.79,-4.05,-4.25,-4.36,-4.13,-4.23,-5.36,-5.17,-5.0,-5.57,-5.61,-5.39,-4.86,-4.87,-5.89,-7.06,-7.69,-8.1,-8.56,-8.77,-8.57,-8.23,-7.74
0.48,0.14,-0.1,-0.48,-1.1,-1.89,-2.73,-3.62,-4.51,-5.3,-5.83,-6.02,-6.0,-5.94,-5.99,-6.08,-6.1,-6.02,-5.96,-5.97,-5.98,-5.96,-5.94,-5.91,-5.81,-5.66,-5.59,-5.58,-5.54,-5.47,-5.48,-5.56,-5.52,-5.28,-4.98,-4.78,-4.67,-4.6,-4.56,-4.55,-4.53,-4.45,-4.3,-4.15,-4.02,-3.95,-3.92,-3.95,-4.01,-4.13,-4.32,-4.45,-4.56,-4.67,-4.52,-4.38,-4.47,-5.05,-5.29,-5.6,-5.9,-6.17,-6.48,-6.77,-6.92,-7.02,-6.9,-6.36,-5.59,-5.04,-4.9,-4.9,-4.7,-4.17,-3.37,-2.36,-1.0,0.87,2.74
-5.76,-6.37,-7.09,-7.85,-8.28,-8.35,-8.46,-8.6,-8.55,-8.3,-8.02,-7.91,-7.93,-7.96,-7.88,-7.68,-7.5,-7.45,-7.46,-7.41,-7.31,-7.23,-7.14,-7.0,-6.82,-6.68,-6.57,-6.38,-6.15,-6.0,-5.84,-5.57,-5.25,-5.02,-4.84,-4.63,-4.33,-3.96,-3.56,-3.19,-2.86,-2.57,-2.34,-2.18,-2.04,-1.88,-1.72,-1.59,-1.52,-1.57,-1.74,-2.07,-2.51,-2.82,-3.02,-3.53,-3.86,-4.25,-4.23,-4.22,-4.08,-4.24,-4.84,-5.41,-5.56,-5.34,-4.93,-4.51,-4.17,-3.93,-3.69,-3.32,-2.66,-1.7,-0.73,-0.17,-0.2,-0.58,-0.79
-9.51,-9.74,-9.84,-9.67,-9.35,-9.09,-8.99,-8.87,-8.65,-8.49,-8.53,-8.63,-8.67,-8.54,-8.21,-7.94,-7.79,-7.63,-7.47,-7.39,-7.4,-7.46,-7.55,-7.6,-7.54,-7.49,-7.4,-6.9,-6.13,-5.54,-5.25,-5.2,-5.28,-5.33,-5.29,-5.1,-4.73,-4.27,-3.89,-3.57,-3.22,-2.81,-2.25,-1.6,-1.03,-0.67,-0.53,-0.58,-0.69,-0.73,-0.63,-0.55,-0.7,-0.93,-1.49,-1.79,-2.14,-2.4,-2.74,-2.68,-2.36,-1.9,-1.46,-1.4,-1.91,-2.52,-2.83,-3.14,-3.6,-3.85,-3.72,-3.46,-3.32,-3.42,-3.77,-4.17,-4.44,-4.51,-4.22
-8.29,-7.78,-7.44,-7.54,-8.06,-8.55,-8.7,-8.51,-8.24,-8.03,-7.91,-7.82,-7.67,-7.48,-7.32,-7.3,-7.41,-7.47,-7.27,-6.77,-6.07,-5.24,-4.6,-4.54,-4.87,-5.24,-5.63,-6.04,-6.53,-6.93,-7.0,-6.85,-6.67,-6.49,-6.32,-6.19,-6.11,-5.87,-5.41,-4.99,-4.46,-3.86,-3.45,-3.06,-2.75,-2.51,-2.17,-1.7,-1.21,-0.79,-0.41,-0.08,0.02,0.01,0.45,0.41,0.17,-0.1,-0.21,-0.34,-0.53,-0.69,-0.54,-0.19,-0.56,-1.72,-2.03,-1.46,-1.92,-2.96,-3.54,-4.21,-5.37,-6.24,-6.16,-5.53,-4.85,-4.08,-3.05
-7.4,-8.19,-8.86,-8.78,-8.5,-8.32,-8.11,-7.96,-7.93,-7.71,-7.38,-7.18,-6.84,-6.52,-6.47,-6.46,-6.41,-6.33,-6.33,-6.75,-7.46,-7.37,-6.61,-5.72,-5.59,-5.79,-5.75,-5.22,-5.44,-5.99,-6.02,-5.95,-6.53,-7.38,-7.58,-7.51,-7.59,-7.57,-7.38,-6.96,-6.4,-5.81,-4.82,-3.83,-3.18,-2.84,-2.55,-2.09,-1.57,-0.85,0.14,0.84,1.26,1.45,1.73,2.08,2.29,2.48,2.5,2.58,2.58,2.4,2.1,1.85,1.78,1.77,1.67,1.62,1.49,0.8,0.15,0.18,0.23,0.16,0.49,1.03,1.83,2.9,4.2
-7.84,-9.22,-10.53,-10.99,-11.5,-11.77,-11.72,-11.52,-11.11,-10.48,-9.8,-9.27,-8.96,-8.82,-8.84,-9.05,-9.32,-9.42,-9.13,-9.11,-8.31,-7.67,-7.49,-7.14,-7.58,-7.04,-7.28,-6.17,-6.41,-6.71,-6.7,-6.66,-6.06,-5.52,-5.08,-4.57,-4.0,-3.67,-3.42,-3.06,-2.66,-2.17,-2.03,-2.52,-3.49,-4.0,-3.1,-2.07,-1.19,-0.37,0.4,0.93,1.47,2.14,3.03,4.21,5.31,6.17,6.72,6.96,6.84,6.74,6.6,6.51,6.37,6.17,5.92,5.85,6.2,7.35,9.31,11.52,13.37,14.72,15.42,15.15,14.84,14.43,13.91
-7.1,-8.34,-9.38,-9.67,-9.67,-9.61,-9.53,-9.69,-9.78,-9.8,-9.86,-9.86,-9.59,-8.96,-8.07,-7.34,-7.25,-8.25,-6.74,-8.23,-8.0,-7.84,-6.91,-6.17,-5.5,-5.37,-5.62,-5.59,-4.78,-3.81,-2.69,-1.55,-1.03,-0.86,-0.7,-0.26,0.17,0.5,0.55,0.74,1.37,2.07,2.79,3.43,3.52,2.41,1.3,1.55,2.02,1.64,1.17,1.71,2.59,3.88,5.25,6.07,6.33,7.51,8.91,10.36,11.73,12.63,12.34,12.05,11.76,11.46,11.17,11.2,11.34,11.93,12.88,13.46,14.14,15.29,16.1,15.96,15.43,14.92,14.22
-5.46,-5.22,-5.18,-4.85,-5.11,-5.94,-5.81,-5.4,-5.34,-5.5,-5.64,-5.63,-5.78,-6.15,-6.61,-6.95,-6.49,-4.73,-3.3,-2.02,-2.18,-1.83,-1.26,-1.98,-1.68,-0.78,-0.43,0.09,0.65,1.2,1.76,1.94,2.39,3.02,3.6,3.81,3.71,4.15,4.71,5.04,5.51,6.47,6.85,6.72,7.06,7.57,7.43,6.42,4.88,4.03,5.07,5.04,5.16,5.8,6.51,7.0,7.69,9.3,10.54,10.76,11.42,12.23,13.1,13.75,13.44,13.17,12.63,11.99,13.36,13.59,13.76,13.97,14.32,14.56,14.41,13.54,13.1,13.16,12.87
-4.9,-3.23,-2.33,-2.15,-1.71,-1.04,-0.64,-0.21,0.1,0.16,0.7,1.64,2.24,3.44,5.28,6.07,5.08,3.4,3.16,2.9,2.9,2.99,3.55,4.4,5.29,5.96,6.17,6.28,7.03,8.38,9.52,9.65,9.63,9.83,10.08,9.69,9.31,10.27,12.48,14.59,14.78,13.7,12.44,10.31,10.0,9.55,9.66,9.23,7.61,7.07,8.48,9.62,10.1,11.71,13.45,13.55,14.05,14.41,13.93,12.53,11.07,10.43,10.56,10.99,11.8,12.02,10.91,11.34,12.02,11.32,11.06,10.99,11.27,11.63,11.82,11.79,11.6,11.45,11.61
-5.87,-2.59,-0.55,-1.3,-1.14,-0.4,-0.05,0.4,1.16,1.81,2.66,3.8,5.63,6.71,7.16,6.15,5.76,6.44,7.29,7.01,7.02,7.02,7.72,8.98,10.18,10.86,10.97,10.94,11.16,11.66,12.08,12.34,12.5,12.13,12.17,13.46,15.04,15.68,16.26,16.67,16.43,15.41,14.8,14.19,13.94,13.52,12.03,11.48,12.02,12.69,12.82,13.11,13.66,14.39,13.68,11.69,12.04,12.8,13.22,12.45,11.98,11.41,11.67,9.46,9.18,9.48,9.61,10.0,10.47,10.56,10.09,9.62,9.34,8.8,8.5,8.77,9.02,9.12,9.12
-2.85,-3.32,-1.87,-0.06,1.19,2.26,3.55,4.57,5.1,4.98,5.42,5.71,6.13,7.19,3.19,-0.2,3.71,2.91,3.24,5.12,6.11,6.9,8.78,8.96,7.91,7.05,7.79,8.88,9.2,8.84,9.41,11.61,14.66,17.04,17.41,16.35,15.78,16.01,15.6,15.41,16.09,17.02,17.22,16.89,16.92,16.9,17.15,17.72,16.48,15.75,15.08,15.14,13.22,11.49,11.62,10.23,8.64,8.39,8.78,10.32,10.11,7.98,9.22,9.93,10.21,10.45,10.5,9.8,9.56,9.72,9.61,8.61,7.28,6.95,7.25,7.13,7.22,7.35,6.74
5.59,5.96,6.03,5.82,5.05,4.62,6.0,6.57,6.18,6.64,6.53,6.16,6.91,5.85,4.92,6.29,8.43,9.1,7.89,8.01,8.73,7.96,7.36,6.86,6.3,5.87,6.32,8.33,10.68,11.48,11.21,11.56,12.64,13.22,13.76,14.13,13.63,13.43,14.41,15.49,16.28,16.51,17.51,18.33,18.97,20.52,21.45,23.47,23.72,18.16,17.43,17.22,15.28,12.49,11.19,10.75,9.95,9.36,9.75,9.43,6.2,9.63,9.25,9.39,9.81,9.54,9.45,8.97,8.67,8.88,8.98,8.31,7.76,7.18,6.06,5.94,5.22,3.67,2.41
4.96,5.02,5.16,5.29,5.26,4.74,4.34,5.14,6.06,4.94,5.2,6.85,6.42,5.44,5.62,6.19,5.26,4.64,5.14,4.8,4.49,5.07,5.7,7.28,8.7,9.52,10.22,9.0,7.51,8.71,10.19,11.25,13.06,14.84,15.81,16.23,16.22,15.79,15.34,14.55,14.33,15.15,16.79,18.51,21.16,24.6,24.69,19.66,17.63,18.46,17.6,16.03,15.02,14.18,12.5,12.13,11.59,11.52,12.34,10.69,7.82,11.4,10.12,9.01,8.53,8.63,8.44,8.03,7.52,7.19,6.44,5.64,4.97,4.3,4.13,3.02,1.31,0.66,0.84
1.84,2.29,2.57,3.37,4.3,3.78,3.52,2.25,2.1,1.48,1.07,1.53,1.99,2.16,4.82,5.97,7.0,8.34,9.85,11.39,12.7,14.04,14.62,14.49,14.2,13.48,13.08,12.33,11.6,11.79,11.82,13.14,13.57,13.56,13.81,13.54,14.0,14.35,15.51,16.09,16.81,22.53,25.89,23.53,19.17,17.22,17.6,18.62,17.09,15.63,15.89,17.06,17.32,16.14,14.43,12.98,11.7,11.72,12.85,11.82,6.8,11.96,10.9,8.49,7.77,7.36,7.15,6.23,4.95,3.76,2.74,2.14,2.15,2.26,1.19,-0.27,-0.9,-1.81,-1.97
0.7,1.53,1.18,0.38,1.05,2.67,1.99,1.25,1.15,4.94,4.49,2.5,1.76,2.78,3.37,3.21,3.37,4.17,5.76,7.09,8.01,9.04,9.65,9.76,9.86,10.35,11.03,12.69,13.75,14.23,14.31,14.65,13.77,13.5,14.83,14.64,14.36,16.91,22.41,26.13,22.1,18.0,16.94,16.99,16.66,15.53,13.32,13.69,16.01,17.17,16.45,15.88,14.9,14.37,13.46,12.8,12.08,11.63,11.91,10.04,8.16,9.94,9.27,8.39,7.1,6.09,5.28,4.04,2.99,2.13,1.39,1.66,1.85,0.54,-0.96,-2.02,-3.31,-2.71,-2.56
-2.09,-0.34,1.62,3.02,3.58,2.87,2.84,0.7,0.3,1.46,1.24,0.8,1.08,-0.03,1.21,1.53,2.06,2.93,4.33,6.41,8.32,9.74,11.17,12.19,12.72,12.99,13.2,13.07,13.2,14.17,15.05,15.22,14.13,13.59,17.39,21.54,20.47,17.14,16.94,18.43,17.3,14.76,12.27,11.14,11.9,13.0,14.67,14.91,14.41,13.91,14.23,14.04,13.81,13.06,12.26,11.65,11.18,11.36,10.96,7.99,9.12,8.84,8.86,6.93,6.44,6.08,5.3,4.07,3.25,2.95,2.74,2.88,1.61,-0.08,-1.3,-2.63,-2.89,-2.6,-2.99
0.21,-0.46,0.31,2.2,4.53,6.32,6.22,5.47,2.22,-0.96,0.56,1.61,1.59,3.38,4.31,5.43,6.91,8.22,8.81,9.06,9.3,9.25,9.15,9.4,10.23,10.91,11.7,12.45,12.95,12.95,13.65,15.83,20.07,21.04,15.98,15.19,18.66,17.77,15.78,15.49,12.44,11.25,11.68,12.45,13.29,13.39,12.84,12.42,12.6,12.36,11.31,10.44,9.83,9.25,8.78,8.94,9.3,9.77,9.1,7.74,8.38,7.71,6.89,6.23,6.07,5.93,5.92,5.45,4.99,4.94,4.34,3.13,1.37,0.29,-0.74,-1.29,-1.58,-1.77,-1.73
2.65,3.78,4.07,4.33,5.19,6.63,7.33,8.22,8.85,8.88,8.18,7.73,9.27,9.67,10.01,9.8,9.08,10.09,11.68,11.73,11.06,9.78,9.48,10.45,12.15,13.59,14.05,13.71,16.02,18.59,17.59,16.6,15.07,12.75,15.36,15.54,14.55,13.34,11.78,11.54,10.79,10.65,11.06,11.29,11.34,10.83,10.34,10.75,11.24,11.35,11.61,10.39,8.61,7.47,6.27,6.48,6.89,7.13,6.81,6.55,6.21,5.96,6.26,7.11,8.2,8.79,8.52,7.91,7.11,6.2,5.03,3.2,2.21,1.08,-0.61,-0.74,-0.43,-1.26,-1.0
3.35,5.12,7.36,10.02,11.64,10.53,9.07,8.76,9.44,10.56,11.49,12.47,13.59,14.4,13.98,13.18,12.55,12.3,11.89,11.46,10.64,11.19,11.56,11.4,11.73,14.1,15.68,16.94,14.17,14.04,12.64,11.4,11.95,12.95,12.24,11.77,12.16,12.44,12.49,12.1,11.56,10.73,10.28,10.03,9.73,9.18,9.77,10.88,11.16,10.73,10.23,9.21,7.79,6.72,6.27,5.69,5.19,5.25,6.0,6.85,8.34,9.87,10.4,10.86,10.58,9.72,8.83,8.56,7.49,6.34,5.13,4.24,4.16,3.24,1.0,0.15,0.92,0.66,1.4
5.91,6.8,9.0,9.34,9.23,10.71,11.1,9.65,9.15,9.51,10.76,12.54,13.12,13.88,13.6,13.46,12.78,12.68,12.43,11.87,11.52,10.64,9.65,11.64,13.71,12.81,11.64,9.76,9.01,8.98,7.87,9.57,13.72,17.17,15.1,12.95,12.17,12.31,12.85,13.07,12.75,11.44,9.87,8.98,8.37,8.1,8.78,9.5,9.09,7.55,6.59,5.87,5.12,4.92,4.56,4.05,4.34,5.88,8.11,9.33,8.4,8.79,7.85,7.28,6.7,6.56,6.13,5.67,5.52,5.92,6.31,6.18,5.92,5.68,4.18,4.48,4.04,3.82,4.9
