data/2016040900_700.json
{"header": { "discipline":0, "disciplineName":"Meteorological products", "gribEdition":2, "gribLength":77615, "center":7, "centerName":"US National Weather Service - NCEP(WMC)", "subcenter":0, "refTime":"2016-04-09T00:00:00.000Z", "significanceOfRT":1, "significanceOfRTName":"Start of forecast", "productStatus":0, "productStatusName":"Operational products", "productType":1, "productTypeName":"Forecast products", "productDefinitionTemplate":0, "productDefinitionTemplateName":"Analysis/forecast at horizontal level/layer at a point in time", "parameterCategory":2, "parameterCategoryName":"Momentum", "parameterNumber":3, "parameterNumberName":"V-component_of_wind", "parameterUnit":"m.s-1", "genProcessType":2, "genProcessTypeName":"Forecast", "forecastTime":0, "surface1Type":100, "surface1TypeName":"Isobaric surface", "surface1Value":70000.0, "surface2Type":255, "surface2TypeName":"Missing", "surface2Value":0.0, "gridDefinitionTemplate":0, "gridDefinitionTemplateName":"Latitude_Longitude", "numberPoints":65160, "shape":6, "shapeName":"Earth spherical with radius of 6,371,229.0 m", "gridUnits":"degrees", "resolution":48, "winds":"true", "scanMode":0, "nx":360, "ny":181, "basicAngle":0, "subDivisions":0, "lo1":0.0, "la1":90.0, "lo2":359.0, "la2":-90.0, "dx":1.0, "dy":1.0 }, "data":
[rows 0 to 35 of 181, columns 243 to 323 of 360]
-6.16,-6.19,-6.21,-6.23,-6.24,-6.26,-6.27,-6.28,-6.29,-6.3,-6.31,-6.31,-6.31,-6.31,-6.31,-6.31,-6.3,-6.29,-6.28,-6.27,-6.26,-6.24,-6.23,-6.21,-6.19,-6.16,-6.14,-6.11,-6.08,-6.05,-6.02,-5.99,-5.95,-5.91,-5.87,-5.83,-5.79,-5.75,-5.7,-5.65,-5.6,-5.55,-5.5,-5.44,-5.38,-5.33,-5.27,-5.2,-5.14,-5.08,-5.01,-4.94,-4.87,-4.8,-4.73,-4.66,-4.58,-4.51,-4.43,-4.35,-4.27,-4.19,-4.1,-4.02,-3.93,-3.85,-3.76,-3.67,-3.58,-3.49,-3.4,-3.3,-3.21,-3.11,-3.02,-2.92,-2.82,-2.72,-2.62,-2.52,-2.42
-8.17,-8.1,-8.02,-7.93,-7.83,-7.72,-7.61,-7.49,-7.36,-7.22,-7.08,-6.94,-6.79,-6.63,-6.47,-6.31,-6.14,-5.97,-5.8,-5.63,-5.45,-5.27,-5.1,-4.92,-4.75,-4.58,-4.41,-4.25,-4.09,-3.94,-3.8,-3.66,-3.52,-3.39,-3.26,-3.13,-3.01,-2.9,-2.79,-2.69,-2.59,-2.51,-2.43,-2.36,-2.31,-2.26,-2.22,-2.18,-2.16,-2.13,-2.11,-2.09,-2.07,-2.06,-2.04,-2.02,-2.0,-1.98,-1.97,-1.95,-1.93,-1.92,-1.9,-1.89,-1.87,-1.86,-1.84,-1.82,-1.8,-1.78,-1.76,-1.74,-1.71,-1.69,-1.66,-1.63,-1.6,-1.57,-1.54,-1.5,-1.47
-8.95,-8.8,-8.65,-8.49,-8.32,-8.14,-7.96,-7.77,-7.57,-7.37,-7.16,-6.94,-6.71,-6.48,-6.25,-6.02,-5.8,-5.59,-5.36,-5.13,-4.9,-4.66,-4.43,-4.22,-4.03,-3.88,-3.76,-3.66,-3.58,-3.5,-3.42,-3.35,-3.28,-3.22,-3.18,-3.15,-3.13,-3.12,-3.11,-3.1,-3.1,-3.09,-3.09,-3.1,-3.1,-3.11,-3.12,-3.12,-3.13,-3.14,-3.15,-3.16,-3.18,-3.19,-3.2,-3.21,-3.21,-3.22,-3.22,-3.22,-3.22,-3.21,-3.2,-3.19,-3.17,-3.14,-3.11,-3.07,-3.02,-2.97,-2.91,-2.84,-2.77,-2.69,-2.61,-2.52,-2.42,-2.32,-2.21,-2.1,-1.99
-8.66,-8.6,-8.52,-8.44,-8.36,-8.28,-8.21,-8.14,-8.05,-7.95,-7.84,-7.74,-7.63,-7.52,-7.4,-7.28,-7.14,-7.0,-6.85,-6.71,-6.56,-6.41,-6.25,-6.1,-5.96,-5.81,-5.67,-5.53,-5.39,-5.25,-5.11,-4.97,-4.84,-4.7,-4.57,-4.43,-4.3,-4.18,-4.05,-3.93,-3.81,-3.7,-3.59,-3.48,-3.38,-3.28,-3.19,-3.1,-3.02,-2.94,-2.87,-2.81,-2.75,-2.7,-2.65,-2.6,-2.55,-2.51,-2.46,-2.41,-2.36,-2.3,-2.24,-2.17,-2.09,-2.01,-1.92,-1.82,-1.71,-1.6,-1.49,-1.36,-1.24,-1.11,-0.98,-0.84,-0.7,-0.56,-0.42,-0.27,-0.12
-9.31,-9.24,-9.16,-9.08,-8.99,-8.89,-8.78,-8.67,-8.57,-8.48,-8.38,-8.27,-8.14,-8.01,-7.86,-7.72,-7.57,-7.42,-7.27,-7.11,-6.95,-6.79,-6.62,-6.44,-6.25,-6.06,-5.85,-5.63,-5.39,-5.15,-4.89,-4.63,-4.35,-4.07,-3.79,-3.51,-3.23,-2.97,-2.71,-2.46,-2.24,-2.02,-1.83,-1.64,-1.47,-1.32,-1.17,-1.03,-0.9,-0.78,-0.66,-0.54,-0.43,-0.32,-0.2,-0.09,0.01,0.12,0.21,0.31,0.39,0.46,0.53,0.59,0.63,0.67,0.7,0.73,0.74,0.75,0.75,0.75,0.74,0.72,0.7,0.67,0.64,0.6,0.56,0.51,0.46
-8.08,-7.98,-7.9,-7.82,-7.74,-7.68,-7.63,-7.58,-7.54,-7.51,-7.48,-7.44,-7.41,-7.36,-7.31,-7.24,-7.16,-7.06,-6.93,-6.78,-6.6,-6.39,-6.16,-5.9,-5.61,-5.31,-4.99,-4.66,-4.32,-3.99,-3.66,-3.33,-3.02,-2.71,-2.42,-2.14,-1.87,-1.6,-1.35,-1.12,-0.89,-0.69,-0.5,-0.33,-0.17,-0.03,0.09,0.2,0.29,0.38,0.45,0.51,0.56,0.61,0.65,0.68,0.7,0.71,0.72,0.73,0.72,0.71,0.7,0.69,0.67,0.65,0.63,0.61,0.58,0.56,0.53,0.5,0.46,0.42,0.38,0.32,0.26,0.18,0.1,0.01,-0.09
-7.14,-7.0,-6.88,-6.76,-6.66,-6.57,-6.48,-6.4,-6.33,-6.27,-6.21,-6.17,-6.12,-6.07,-6.0,-5.93,-5.84,-5.73,-5.61,-5.47,-5.31,-5.14,-4.95,-4.75,-4.52,-4.27,-4.01,-3.75,-3.49,-3.25,-3.03,-2.82,-2.63,-2.45,-2.28,-2.13,-1.98,-1.83,-1.68,-1.53,-1.37,-1.21,-1.05,-0.89,-0.73,-0.56,-0.39,-0.22,-0.06,0.11,0.28,0.45,0.64,0.84,1.04,1.25,1.45,1.64,1.82,1.97,2.09,2.2,2.27,2.34,2.38,2.4,2.41,2.4,2.37,2.33,2.27,2.17,2.05,1.91,1.76,1.62,1.47,1.31,1.16,0.97,0.77
-5.03,-4.88,-4.78,-4.73,-4.73,-4.78,-4.86,-4.98,-5.12,-5.28,-5.44,-5.61,-5.78,-5.94,-6.07,-6.17,-6.23,-6.26,-6.24,-6.19,-6.12,-6.04,-5.95,-5.85,-5.74,-5.6,-5.42,-5.19,-4.92,-4.61,-4.29,-3.97,-3.7,-3.46,-3.21,-2.9,-2.48,-2.09,-1.5,-0.84,-0.72,-0.9,-0.45,0.68,1.2,1.76,2.11,2.1,2.95,3.15,3.3,3.56,3.49,3.44,3.51,3.61,3.75,3.85,3.89,3.86,3.81,3.75,3.7,3.66,3.63,3.58,3.47,3.34,3.17,3.03,2.88,2.55,2.19,2.22,2.4,2.05,1.63,1.67,1.67,1.47,1.01
-4.83,-4.85,-4.92,-5.03,-5.18,-5.37,-5.59,-5.84,-6.12,-6.42,-6.71,-7.0,-7.25,-7.46,-7.64,-7.78,-7.89,-7.96,-7.98,-7.94,-7.81,-7.55,-7.19,-6.75,-6.29,-5.87,-5.37,-4.83,-4.16,-3.71,-2.53,-1.86,-1.17,-0.57,0.02,0.86,1.55,2.64,3.14,1.85,1.48,2.82,1.87,2.34,2.97,2.66,4.26,4.94,5.61,5.88,4.98,4.19,3.89,3.48,4.16,4.91,4.83,4.65,4.16,3.84,3.99,4.13,4.05,4.51,4.96,4.34,4.7,4.72,4.0,3.53,3.52,3.66,3.61,3.4,3.12,2.64,2.05,1.43,0.94,0.6,0.33
-6.09,-6.1,-6.16,-6.27,-6.44,-6.66,-6.93,-7.24,-7.56,-7.88,-8.19,-8.48,-8.73,-8.93,-9.06,-9.08,-8.95,-8.65,-8.23,-7.71,-7.07,-6.25,-5.49,-4.56,-4.51,-3.97,-3.01,-2.83,-2.62,-1.53,-0.8,0.19,0.12,0.71,1.34,2.36,2.17,2.43,4.45,3.67,3.9,4.61,5.18,4.17,3.54,5.1,6.32,5.82,4.87,3.94,6.23,7.86,7.25,7.34,7.58,8.08,8.8,9.16,9.44,9.6,9.48,9.58,9.71,9.8,9.68,9.22,8.57,7.87,7.12,6.36,5.61,4.83,3.97,3.14,2.41,1.61,0.71,-0.43,-1.8,-3.03,-3.76
-7.11,-7.06,-7.06,-7.12,-7.25,-7.41,-7.61,-7.82,-8.05,-8.27,-8.44,-8.55,-8.59,-8.56,-8.44,-8.18,-7.73,-7.14,-6.73,-6.03,-5.74,-5.08,-3.86,-3.16,-3.67,-3.28,-2.78,-1.41,-0.95,-0.43,0.58,0.85,1.73,2.44,2.87,4.07,4.06,3.52,3.59,4.72,4.39,5.01,6.23,5.05,5.56,6.89,6.7,9.12,8.78,9.17,9.64,10.12,10.75,11.38,11.96,12.7,13.73,14.63,14.26,14.11,13.94,13.3,12.33,10.95,9.59,8.21,6.96,5.88,4.83,3.69,2.51,1.18,0.23,-0.44,-0.77,-1.08,-1.83,-3.03,-4.08,-4.78,-5.22
-7.8,-7.7,-7.63,-7.6,-7.59,-7.57,-7.54,-7.5,-7.46,-7.43,-7.39,-7.28,-7.12,-7.01,-7.02,-6.85,-6.45,-6.31,-5.98,-5.46,-4.98,-4.68,-4.36,-3.6,-2.64,-1.36,-0.89,0.25,-2.34,1.13,0.4,1.48,1.15,1.17,1.86,3.4,3.08,2.9,5.38,6.62,7.7,8.89,9.14,9.86,9.92,9.89,10.14,10.68,11.44,12.26,13.08,13.87,14.34,14.33,13.62,12.96,12.4,12.03,11.61,10.9,10.21,9.6,9.05,8.6,8.14,7.62,7.08,6.46,5.43,4.51,3.58,2.79,1.73,0.55,-0.55,-1.76,-2.72,-3.34,-3.87,-4.46,-5.08
-7.82,-7.58,-7.38,-7.22,-7.13,-7.1,-7.07,-7.05,-7.02,-7.02,-7.06,-7.14,-7.21,-7.21,-7.14,-6.94,-6.53,-6.79,-5.92,-5.33,-4.57,-3.88,-2.94,-2.15,-1.43,-0.89,-0.58,-0.55,-0.59,-0.47,-0.09,0.36,0.06,0.83,2.71,4.0,2.25,5.74,7.92,8.23,8.45,9.07,8.66,8.71,9.7,10.46,10.74,12.33,13.76,13.7,14.58,14.79,14.46,14.13,14.39,15.59,17.14,18.08,18.07,17.15,16.08,15.18,14.54,14.01,13.33,12.38,11.28,10.23,9.2,8.08,6.95,5.62,4.2,2.86,1.68,0.5,-0.81,-2.18,-3.25,-3.92,-4.41
-7.06,-7.13,-7.16,-7.2,-7.22,-7.23,-7.2,-7.17,-7.18,-7.26,-7.36,-7.41,-7.36,-7.23,-7.05,-6.77,-6.32,-5.72,-5.09,-4.51,-4.04,-3.97,-3.46,-3.12,-3.0,-3.08,-3.11,-2.71,-1.87,-1.28,-0.2,-0.28,0.91,1.68,2.72,3.4,3.88,4.85,6.82,6.18,5.73,5.91,7.27,9.23,10.72,11.55,12.26,12.79,13.11,13.46,13.7,13.32,13.97,15.48,16.7,17.47,17.88,17.55,16.35,14.32,12.24,10.92,10.47,10.5,10.43,10.14,9.43,9.47,8.97,8.05,6.85,5.37,3.88,2.47,1.15,-0.07,-1.13,-2.04,-2.88,-3.66,-4.36
-6.59,-6.78,-6.86,-6.87,-7.03,-7.03,-7.15,-7.23,-7.43,-7.19,-6.97,-7.08,-6.79,-6.61,-6.31,-5.81,-5.75,-5.85,-6.23,-6.62,-6.48,-6.17,-6.04,-6.13,-5.89,-5.81,-4.62,-3.07,-2.5,-1.84,-0.95,0.02,0.91,1.51,2.12,3.22,4.21,4.1,3.05,2.66,4.0,6.22,7.56,7.85,8.21,9.31,11.19,13.45,15.35,16.3,16.12,15.46,14.52,14.39,14.95,16.06,16.84,16.06,14.53,12.72,11.23,10.26,9.0,7.69,8.38,9.51,9.46,8.9,8.07,6.52,5.19,3.89,2.86,1.84,1.55,-0.27,-3.02,-4.92,-5.41,-5.1,-4.38
-7.04,-7.38,-7.55,-7.41,-7.47,-7.59,-7.65,-7.94,-7.9,-8.08,-8.09,-7.93,-7.93,-8.03,-8.28,-8.53,-8.54,-8.23,-7.97,-7.64,-7.3,-7.2,-6.9,-6.44,-6.21,-5.59,-4.74,-3.83,-2.8,-2.19,-1.4,-0.42,-0.04,0.77,0.52,0.82,0.85,-0.16,-0.29,2.18,4.89,5.62,5.31,5.43,6.19,7.6,9.72,12.35,14.57,15.54,15.26,14.57,14.12,14.03,14.41,15.34,16.51,16.88,15.76,14.03,12.66,10.57,9.54,9.81,10.42,10.67,11.38,11.66,10.9,8.94,6.45,4.44,3.99,3.88,2.92,1.45,-0.49,-2.21,-3.79,-5.27,-6.61
-5.81,-5.96,-6.13,-6.26,-6.29,-6.21,-6.17,-6.36,-6.81,-7.38,-7.83,-8.05,-8.1,-8.11,-8.05,-7.91,-7.69,-7.38,-7.15,-7.5,-7.71,-7.59,-6.98,-5.65,-4.79,-4.1,-3.68,-2.77,-2.15,-1.8,-1.7,-1.7,-1.5,-1.2,-1.33,-2.37,-3.61,-3.12,-0.61,2.15,3.77,4.19,4.36,4.62,4.99,5.52,6.45,8.23,10.68,12.86,14.05,14.69,15.52,16.51,17.24,17.41,17.37,17.67,17.6,16.05,13.87,12.81,13.5,13.71,16.09,19.27,21.58,19.19,14.75,10.9,8.49,7.95,6.99,6.08,5.16,4.16,2.98,1.88,0.87,-0.44,-2.27
-5.62,-5.96,-6.19,-6.33,-6.39,-6.4,-6.33,-6.45,-6.38,-6.73,-7.12,-7.35,-7.49,-7.36,-7.42,-7.7,-7.95,-8.19,-8.31,-8.4,-8.76,-8.71,-8.3,-7.29,-5.61,-4.1,-3.0,-2.54,-2.31,-2.4,-2.97,-3.4,-3.62,-3.55,-3.62,-3.88,-3.32,-1.94,-0.13,0.82,0.98,2.63,2.95,3.77,4.1,4.34,5.24,7.2,9.54,11.69,13.68,15.51,17.23,18.98,20.81,22.13,22.23,21.24,20.02,18.74,16.79,14.8,14.53,11.18,10.18,14.09,18.58,17.66,15.52,13.05,9.42,6.25,5.97,5.9,4.93,3.08,0.78,-0.59,-1.0,-1.65,-2.54
-6.46,-6.81,-6.8,-6.77,-6.54,-6.1,-5.85,-6.3,-6.51,-7.06,-7.32,-6.97,-6.47,-6.49,-6.39,-6.53,-6.74,-6.93,-7.25,-7.49,-7.43,-7.15,-6.66,-6.22,-5.52,-3.86,-2.55,-2.21,-2.24,-2.36,-2.73,-3.44,-4.13,-4.35,-4.14,-3.74,-2.28,-0.38,1.21,1.42,1.63,1.49,1.59,2.37,3.06,4.11,4.94,6.98,9.99,12.57,14.34,15.74,17.08,18.23,19.04,20.0,21.34,21.7,20.23,18.57,17.12,15.14,13.34,11.81,14.85,14.02,17.43,16.36,14.01,10.32,6.31,3.06,2.03,2.99,3.14,2.37,0.34,-1.42,-2.33,-3.22,-4.42
-4.88,-5.51,-6.23,-6.7,-6.87,-6.57,-6.93,-7.24,-7.06,-6.59,-6.16,-5.65,-4.89,-4.33,-4.04,-4.0,-4.32,-4.95,-5.74,-6.47,-7.11,-7.49,-7.92,-7.89,-6.53,-4.4,-2.43,-2.09,-2.71,-3.16,-3.35,-3.96,-4.77,-3.99,-1.36,0.35,0.57,0.95,0.85,0.92,0.91,0.7,1.55,0.56,1.3,1.09,3.4,5.44,7.3,10.19,13.04,14.74,15.71,16.48,17.25,18.16,19.02,20.37,21.8,21.07,18.3,15.7,13.45,11.75,15.69,17.25,17.16,14.7,12.14,10.86,6.99,3.15,1.12,0.89,1.56,1.86,0.64,-0.89,-2.53,-3.78,-4.67
-5.08,-5.19,-4.97,-4.88,-5.47,-7.08,-8.18,-8.24,-7.21,-6.21,-5.44,-4.94,-4.57,-4.06,-3.34,-2.63,-2.04,-1.78,-1.99,-2.66,-3.59,-4.53,-5.19,-5.86,-5.83,-4.88,-3.51,-2.4,-2.15,-2.79,-3.43,-3.72,-4.42,-3.89,-2.5,-1.7,-0.78,0.17,-0.34,-0.99,-0.7,1.03,1.85,4.22,4.63,4.94,6.06,6.06,6.76,8.74,11.7,13.29,13.7,14.35,14.82,14.59,14.77,15.65,16.91,18.78,20.37,19.42,18.18,16.89,16.72,21.26,20.41,18.26,13.38,10.04,7.03,1.83,-0.49,-1.0,0.66,2.23,1.03,-0.61,-2.21,-4.06,-5.11
-4.18,-4.53,-4.93,-5.6,-6.55,-7.19,-7.61,-7.81,-7.54,-6.97,-6.78,-6.5,-5.74,-4.53,-3.11,-1.78,-0.63,0.24,0.55,0.39,-0.13,-0.95,-2.11,-3.26,-4.34,-5.14,-5.46,-4.18,-3.35,-3.22,-4.14,-4.96,-5.72,-5.76,-4.4,-2.47,-0.78,-0.67,-1.48,-0.65,1.21,2.63,3.6,4.67,6.5,9.15,10.15,10.2,10.37,10.87,12.2,12.29,11.04,11.38,12.91,13.45,13.24,13.13,13.45,14.28,15.38,17.19,18.77,18.21,16.5,17.08,19.76,20.83,16.95,11.85,7.89,1.87,-0.99,-2.16,-1.79,1.19,1.47,-0.71,-2.82,-4.98,-5.68
-3.91,-4.4,-5.31,-5.84,-6.37,-6.94,-7.52,-8.02,-8.51,-9.31,-9.9,-9.51,-7.85,-5.39,-2.96,-0.97,0.43,1.18,1.67,2.13,2.11,1.39,0.31,-0.79,-2.09,-3.4,-4.18,-4.26,-3.94,-3.82,-4.24,-5.2,-5.95,-6.98,-6.97,-5.5,-2.84,-0.87,0.13,1.9,4.24,6.11,6.68,6.2,5.68,6.07,6.83,8.1,8.85,8.15,8.09,9.82,8.67,9.44,12.38,13.67,13.68,13.12,12.35,11.68,11.38,11.73,12.79,13.55,13.69,14.0,15.41,18.0,17.08,13.73,9.19,4.25,-0.62,-3.1,-3.9,-4.59,-5.01,-5.1,-5.68,-7.03,-6.7
-2.07,-3.08,-3.85,-4.8,-5.8,-6.52,-7.46,-8.29,-9.04,-9.85,-10.25,-10.18,-9.18,-7.29,-5.02,-2.61,-0.56,0.6,0.89,0.96,1.57,1.82,1.27,0.36,-0.41,-2.02,-3.63,-4.45,-4.41,-4.52,-4.98,-5.56,-4.84,-5.51,-7.31,-7.53,-5.17,-1.3,0.68,2.76,6.05,8.05,8.55,8.64,8.53,8.38,8.63,8.21,7.21,7.18,8.77,11.03,10.26,10.62,12.39,11.77,12.33,12.52,12.42,11.91,10.98,10.03,9.35,8.65,8.33,8.26,9.92,13.91,16.67,13.33,10.2,6.49,2.44,-2.77,-6.15,-6.51,-7.38,-9.47,-5.12,-0.5,-0.84
1.1,-0.21,-1.22,-2.21,-3.2,-4.17,-4.84,-5.63,-6.7,-7.42,-7.83,-7.93,-7.6,-6.84,-5.89,-4.83,-3.66,-2.64,-1.86,-1.31,-0.55,0.08,0.11,0.13,-0.55,-2.04,-3.27,-4.06,-4.47,-3.94,-3.02,-2.88,-2.66,-3.52,-5.4,-6.68,-5.75,-2.88,1.06,4.26,5.08,6.13,7.73,8.25,8.17,8.26,8.9,9.62,9.25,8.77,8.46,9.35,10.8,10.69,12.71,12.98,13.05,12.81,12.06,11.4,10.81,10.01,8.61,7.34,6.75,5.65,6.85,7.67,12.31,13.33,11.04,8.15,4.61,-1.78,-6.28,-6.46,-8.96,-11.78,-8.14,-6.74,-6.1
3.71,3.57,2.68,1.12,-0.79,-1.79,-2.34,-3.02,-4.06,-4.74,-5.48,-5.81,-5.87,-5.59,-5.41,-5.08,-4.82,-4.54,-4.18,-3.62,-2.88,-2.29,-1.63,-1.23,-1.73,-3.11,-4.57,-5.29,-4.15,-3.91,-3.71,-3.49,-3.8,-5.36,-6.16,-6.22,-4.53,-1.78,0.33,1.87,4.03,5.97,7.13,8.12,8.58,7.97,7.02,6.82,7.35,8.34,8.65,9.48,10.54,12.02,12.6,13.01,13.09,12.93,12.49,11.67,10.78,10.01,9.04,7.4,5.56,4.02,2.64,3.61,7.59,10.27,8.51,8.2,5.52,0.1,-3.03,-6.68,-7.19,-8.75,-10.72,-14.6,-17.69
4.33,5.27,5.78,4.46,2.88,1.47,-0.29,-1.45,-2.25,-3.16,-4.03,-4.55,-4.59,-4.57,-4.38,-4.5,-4.89,-5.19,-5.3,-5.28,-5.32,-4.84,-3.33,-2.73,-3.28,-4.01,-5.01,-5.38,-4.17,-3.18,-3.1,-4.07,-5.4,-6.06,-6.05,-5.43,-4.09,-1.65,1.03,3.56,5.36,6.31,6.81,7.09,7.84,8.71,8.99,9.04,9.65,9.46,10.48,11.79,12.52,12.6,12.58,12.73,13.06,13.29,13.25,12.9,11.98,10.9,9.98,8.6,6.69,3.93,2.59,2.31,4.87,8.11,7.04,5.74,4.4,0.81,-1.96,-3.85,-9.18,-12.84,-15.71,-17.3,-16.63
2.5,3.71,5.57,6.93,6.58,4.81,3.07,0.82,-0.95,-2.13,-2.89,-3.92,-4.48,-4.56,-4.23,-3.9,-4.01,-5.02,-6.13,-6.59,-6.44,-5.8,-5.18,-5.15,-5.5,-6.46,-7.37,-8.3,-7.34,-5.12,-4.84,-6.07,-6.42,-6.17,-5.64,-3.94,-1.57,0.75,2.61,3.75,4.42,5.47,6.5,7.37,7.84,8.19,8.68,8.89,10.13,10.01,10.67,11.51,11.91,12.31,12.76,13.17,13.26,13.27,13.58,14.17,14.48,13.91,12.94,11.59,9.63,7.3,4.72,2.82,2.27,2.67,6.33,5.87,0.94,-1.51,-2.23,-9.31,-12.0,-14.44,-16.11,-17.13,-18.57
4.18,5.28,5.51,7.36,8.96,7.98,5.76,3.36,1.39,-0.94,-2.54,-3.55,-4.23,-4.8,-5.05,-4.87,-4.85,-5.46,-6.14,-6.52,-6.97,-6.77,-6.29,-6.25,-6.59,-8.17,-9.9,-10.34,-8.62,-6.66,-6.19,-6.69,-6.5,-5.51,-3.89,-2.01,-0.97,-0.04,1.49,3.36,4.65,5.1,5.37,4.97,4.91,4.89,5.58,6.14,6.5,6.76,7.39,8.85,9.55,10.62,12.1,13.45,14.61,15.38,16.18,17.08,17.55,17.33,16.45,15.32,13.76,11.46,8.79,5.32,2.88,-2.25,-1.25,1.64,5.26,-1.19,-7.4,-10.52,-13.55,-17.12,-20.0,-22.14,-21.31
2.88,6.85,8.36,7.53,6.1,6.04,5.32,3.99,3.14,1.17,-1.13,-3.05,-4.12,-4.65,-5.49,-5.92,-5.88,-6.04,-6.92,-7.7,-7.85,-7.64,-7.29,-7.11,-7.66,-9.25,-10.48,-9.77,-8.34,-7.65,-7.52,-7.45,-6.1,-4.46,-4.68,-4.1,-1.17,1.29,3.14,4.35,4.13,2.98,2.0,1.21,1.0,1.6,1.73,1.31,1.19,2.74,6.03,9.67,11.07,13.3,15.35,15.98,16.73,17.22,18.25,19.68,20.06,20.02,19.66,18.48,16.16,13.74,11.07,7.91,4.06,-0.46,-3.3,0.52,-1.55,-4.85,-9.35,-13.24,-17.64,-22.09,-25.0,-24.59,-21.51
2.53,5.25,6.96,7.77,5.8,3.46,4.28,3.93,3.18,2.46,0.35,-2.13,-3.84,-4.81,-5.64,-6.68,-6.99,-7.36,-7.81,-8.29,-8.59,-8.5,-7.91,-7.73,-9.04,-10.52,-10.58,-9.7,-9.06,-8.65,-8.08,-6.74,-5.61,-6.52,-5.18,-1.23,0.15,1.62,3.27,3.1,1.97,0.7,-1.1,-2.33,-2.21,-2.9,-2.98,0.53,5.25,9.83,13.45,15.93,15.67,15.87,17.95,18.4,16.98,17.21,19.01,20.98,22.05,22.13,21.44,19.77,18.64,16.37,11.93,7.09,3.09,-1.05,-5.44,-7.45,-6.4,-9.4,-15.44,-18.86,-23.56,-28.06,-27.67,-23.49,-20.72
3.76,6.27,5.29,4.37,3.43,4.7,5.59,4.41,3.32,2.94,1.8,-1.02,-3.44,-4.75,-5.76,-6.95,-8.01,-8.35,-8.46,-8.93,-9.37,-9.1,-8.12,-8.34,-10.54,-11.89,-11.26,-10.2,-9.06,-8.17,-7.16,-6.58,-7.61,-6.01,-2.03,-1.53,-0.38,1.76,2.25,0.91,-0.54,-2.68,-4.54,-6.29,-7.07,-4.41,-0.06,6.51,13.04,15.32,14.39,14.27,16.09,17.61,15.89,17.11,17.67,19.57,19.79,21.67,23.16,24.06,23.24,23.05,21.78,16.57,10.94,5.95,1.23,-2.28,-6.36,-10.12,-13.26,-12.77,-19.12,-24.84,-27.21,-28.02,-24.86,-22.51,-23.95
6.52,7.28,5.15,2.68,1.4,2.22,2.51,2.56,1.8,1.66,1.29,-0.35,-3.19,-4.97,-5.85,-7.26,-8.4,-8.97,-9.08,-9.32,-9.78,-9.44,-8.49,-9.32,-12.21,-13.45,-12.46,-10.72,-8.66,-7.49,-7.52,-8.72,-7.12,-3.19,-2.72,-1.77,0.05,0.98,-0.06,-1.77,-3.64,-5.93,-8.59,-9.02,-6.95,-4.12,3.56,13.51,17.26,16.24,16.7,15.31,13.63,17.81,17.23,17.95,18.68,19.74,20.75,21.94,25.2,24.91,24.04,23.59,18.91,13.65,10.61,6.8,2.49,-2.15,-6.07,-10.37,-14.62,-19.14,-20.45,-25.59,-32.09,-28.12,-22.7,-23.75,-25.54
5.08,3.77,2.95,2.13,1.57,1.44,2.64,4.59,2.88,0.6,0.62,-0.44,-3.06,-5.25,-6.51,-7.59,-8.82,-9.63,-9.71,-9.91,-10.24,-9.41,-9.0,-10.83,-13.78,-15.19,-13.81,-11.05,-8.84,-8.46,-9.48,-7.93,-4.41,-3.55,-2.86,-1.8,-0.84,-0.76,-2.27,-4.04,-6.6,-9.7,-10.88,-10.27,-7.83,-0.27,8.75,15.99,15.92,17.63,19.34,19.14,16.84,17.12,17.97,18.93,20.78,19.45,21.01,25.71,29.45,26.95,23.33,20.25,14.38,13.16,11.96,9.15,4.6,-0.27,-4.65,-9.25,-13.52,-17.78,-22.88,-26.24,-27.72,-32.33,-31.86,-26.27,-26.19
2.57,4.46,3.55,0.78,0.35,-0.53,1.23,2.51,2.65,0.49,-1.09,-1.16,-2.96,-5.81,-7.39,-8.12,-9.19,-10.24,-10.37,-10.47,-10.29,-9.47,-10.14,-12.9,-15.64,-16.03,-13.6,-10.4,-9.56,-9.8,-8.19,-5.79,-4.75,-3.92,-3.33,-2.3,-1.76,-2.69,-3.81,-6.57,-10.28,-13.02,-13.06,-12.19,-5.81,3.62,11.51,16.0,17.86,19.9,21.23,18.86,15.4,18.51,18.67,21.84,22.85,20.98,21.56,27.0,30.01,26.06,20.4,14.71,13.14,14.57,14.19,11.59,7.58,3.12,-2.15,-6.73,-10.93,-15.22,-19.46,-23.91,-28.98,-29.44,-30.95,-30.97,-29.76
5.8,5.22,3.04,1.2,0.93,-0.02,-0.65,0.67,0.19,-0.34,-2.1,-3.1,-3.42,-5.76,-8.11,-9.03,-9.9,-10.82,-10.89,-10.43,-9.94,-10.28,-12.58,-15.73,-17.25,-16.1,-13.15,-11.52,-10.69,-8.74,-7.08,-5.82,-4.5,-3.71,-3.4,-2.47,-3.51,-4.0,-5.25,-8.55,-12.82,-14.38,-15.56,-12.22,-2.61,3.78,12.44,15.94,17.18,20.34,21.63,20.71,17.99,17.91,21.6,26.49,24.44,24.17,24.0,28.91,28.61,22.32,16.51,15.93,16.52,15.25,13.25,11.65,9.45,5.54,0.76,-3.13,-6.84,-10.53,-14.45,-18.25,-22.43,-28.1,-31.1,-30.18,-30.81
