data/2016040900_1000.json
{"header": { "discipline":0, "disciplineName":"Meteorological products", "gribEdition":2, "gribLength":77690, "center":7, "centerName":"US National Weather Service - NCEP(WMC)", "subcenter":0, "refTime":"2016-04-09T00:00:00.000Z", "significanceOfRT":1, "significanceOfRTName":"Start of forecast", "productStatus":0, "productStatusName":"Operational products", "productType":1, "productTypeName":"Forecast products", "productDefinitionTemplate":0, "productDefinitionTemplateName":"Analysis/forecast at horizontal level/layer at a point in time", "parameterCategory":2, "parameterCategoryName":"Momentum", "parameterNumber":2, "parameterNumberName":"U-component_of_wind", "parameterUnit":"m.s-1", "genProcessType":2, "genProcessTypeName":"Forecast", "forecastTime":0, "surface1Type":100, "surface1TypeName":"Isobaric surface", "surface1Value":100000.0, "surface2Type":255, "surface2TypeName":"Missing", "surface2Value":0.0, "gridDefinitionTemplate":0, "gridDefinitionTemplateName":"Latitude_Longitude", "numberPoints":65160, "shape":6, "shapeName":"Earth spherical with radius of 6,371,229.0 m", "gridUnits":"degrees", "resolution":48, "winds":"true", "scanMode":0, "nx":360, "ny":181, "basicAngle":0, "subDivisions":0, "lo1":0.0, "la1":90.0, "lo2":359.0, "la2":-90.0, "dx":1.0, "dy":1.0 }, "data":
[rows 140 to 174 of 181, columns 240 to 319 of 360]
4.71,6.27,6.76,5.02,4.39,5.28,6.48,6.76,6.32,5.86,5.28,5.21,4.31,5.75,6.84,6.53,7.17,7.42,7.38,6.71,5.82,5.49,5.38,5.32,5.35,5.59,6.18,6.46,7.57,8.02,9.01,9.81,9.98,9.78,9.97,10.14,9.74,9.69,9.97,8.0,7.04,6.38,6.07,6.19,5.36,4.05,-1.73,2.75,3.08,4.75,5.84,9.22,9.29,8.29,8.27,9.26,9.89,12.2,13.26,13.06,11.51,10.43,10.65,10.8,10.96,9.73,8.56,8.13,7.96,7.61,7.39,6.52,5.5,4.95,4.92,4.59,5.65,7.94,9.37,10.9
6.22,5.72,4.94,5.47,6.03,5.63,5.82,5.88,6.37,6.21,5.96,5.83,6.17,5.12,5.7,7.75,7.98,8.25,8.56,8.75,8.49,7.67,6.9,6.6,6.51,6.82,7.08,7.1,7.23,7.63,8.25,8.58,9.09,9.65,10.19,9.97,9.42,8.83,8.63,8.45,7.78,8.17,7.3,6.96,6.95,8.45,-2.16,5.79,6.33,7.29,8.42,10.2,9.02,9.25,8.83,8.84,8.25,9.15,10.99,12.31,11.96,12.07,11.46,10.84,10.98,10.77,9.94,9.1,8.07,8.0,8.08,6.99,6.56,5.67,5.26,5.84,5.62,7.03,9.92,11.57
7.16,6.28,6.72,7.38,7.33,6.97,7.72,8.35,7.63,7.27,7.24,7.72,7.95,7.96,6.7,6.23,8.0,9.71,10.38,10.31,10.4,10.52,10.34,9.53,8.87,8.7,8.76,8.7,8.45,8.45,8.99,9.73,10.24,10.58,10.16,10.06,9.83,9.01,8.96,9.25,9.77,8.43,7.88,7.92,8.22,6.09,5.78,4.42,7.05,8.67,8.63,8.2,8.88,7.89,4.63,3.45,4.2,6.67,9.81,9.54,8.47,8.33,10.48,11.34,10.79,10.4,10.58,9.26,8.63,8.13,7.7,6.65,6.43,6.45,5.9,5.05,4.57,5.29,7.65,10.25
6.07,6.28,5.81,6.33,7.3,8.22,9.24,9.61,9.95,9.75,9.97,9.83,9.76,9.62,9.29,9.31,9.03,9.08,10.03,11.3,12.43,12.6,13.45,13.53,12.49,11.29,10.67,10.24,10.16,10.02,10.28,10.65,11.0,11.26,10.97,10.38,9.61,8.94,9.16,9.22,8.86,9.11,9.24,9.27,8.75,8.55,5.79,4.25,8.43,8.3,6.87,5.88,7.83,3.77,5.07,5.18,3.96,4.31,5.94,9.15,8.31,9.19,8.95,8.93,9.4,9.63,9.02,7.07,7.41,8.08,7.37,5.97,6.38,7.07,6.95,6.1,5.25,4.75,5.44,8.33
6.97,7.5,7.87,8.83,9.25,9.76,10.24,9.44,8.58,9.19,9.37,10.48,11.34,11.57,10.67,10.56,10.15,11.07,10.93,11.34,12.07,12.95,13.39,13.99,14.58,14.08,13.6,12.13,11.12,10.92,10.85,10.86,11.18,10.97,11.08,10.82,10.26,10.02,10.25,10.41,10.51,10.64,10.52,10.42,10.42,8.95,9.28,9.47,2.91,7.69,4.78,6.25,2.52,6.43,6.35,6.74,5.88,5.73,5.51,7.21,7.83,7.07,7.16,7.73,7.34,7.46,8.87,9.22,8.89,6.86,4.67,5.05,5.98,7.03,7.43,7.76,7.3,6.31,5.85,7.0
3.56,4.96,7.15,9.24,9.74,9.78,9.62,8.84,8.64,8.49,8.77,9.22,10.0,10.23,10.69,10.95,11.03,11.23,11.22,11.51,12.27,13.05,13.4,13.56,14.03,14.18,14.68,14.53,12.78,11.65,11.58,11.51,11.75,12.18,12.54,12.22,11.32,10.83,10.81,10.39,9.42,9.78,10.88,9.9,9.12,9.28,8.68,9.49,7.69,6.31,5.54,4.6,3.72,7.2,8.23,7.2,6.32,6.11,5.25,6.1,8.08,6.64,5.3,5.19,5.79,5.17,4.51,4.46,4.32,3.74,4.03,4.64,5.29,6.1,7.3,8.65,9.25,8.64,8.23,7.6
2.53,3.59,5.02,6.38,7.89,8.52,8.33,8.51,8.65,8.64,8.73,8.95,9.15,9.43,10.24,11.15,11.72,12.03,12.38,11.66,11.8,12.36,13.04,12.58,12.18,12.46,13.29,14.5,13.95,12.8,11.95,11.88,11.86,13.17,13.21,12.91,11.32,11.63,10.87,8.94,8.88,9.05,9.84,10.85,10.37,8.58,8.68,9.02,7.28,6.67,7.08,7.21,7.16,7.15,7.04,6.63,6.79,7.24,6.5,4.8,3.92,7.98,4.74,3.84,4.38,5.68,6.28,6.42,6.82,6.77,5.41,5.71,6.08,6.51,7.18,8.34,9.24,9.15,8.8,8.0
3.95,5.78,7.66,8.66,9.43,9.26,8.61,8.59,9.22,9.83,10.37,10.47,10.59,10.36,10.46,10.75,10.92,11.21,11.61,11.32,10.75,11.06,11.49,11.11,10.42,10.94,11.75,12.7,13.23,12.76,12.02,12.1,11.53,13.0,13.2,12.18,11.79,11.63,8.83,8.36,9.51,9.69,8.45,8.08,8.24,8.37,8.63,8.29,7.1,7.33,7.33,6.5,6.19,6.2,6.13,5.85,6.26,6.81,6.8,6.27,4.86,2.58,2.79,4.03,5.19,6.03,6.53,6.61,6.64,7.11,7.42,7.03,7.56,7.97,8.02,8.32,8.81,8.99,8.92,8.62
4.41,5.38,6.35,8.1,10.1,10.77,11.03,9.9,9.71,9.81,9.02,8.46,7.81,8.33,9.35,10.42,10.61,10.45,10.31,10.2,9.78,9.67,9.79,9.57,9.05,9.41,10.13,10.97,11.21,11.14,10.32,10.13,10.01,10.33,10.7,11.32,11.7,10.45,8.81,8.97,9.08,8.72,8.94,9.26,9.28,9.46,9.66,9.51,9.29,9.3,8.91,8.01,6.64,6.33,6.32,5.56,4.77,5.11,5.64,5.57,5.37,5.0,4.79,4.65,4.71,5.0,5.48,5.73,5.8,6.33,7.12,7.89,8.41,8.41,8.07,7.89,7.9,7.85,7.8,7.92
4.58,4.91,5.19,4.45,4.72,7.41,9.79,9.49,9.05,8.93,9.15,9.26,9.2,9.81,10.6,11.23,11.43,11.21,10.49,10.2,9.7,9.05,8.12,8.09,7.67,7.88,8.65,8.94,8.83,8.38,7.72,7.61,7.67,7.91,9.18,10.33,10.19,8.88,8.37,8.9,8.58,8.56,9.08,9.68,9.86,10.53,11.59,11.45,11.24,11.44,10.39,9.1,7.6,7.48,7.59,6.52,5.35,5.27,5.45,5.89,6.26,6.26,6.09,5.7,5.43,5.49,5.69,5.21,5.02,5.09,5.87,6.94,7.71,7.78,7.31,6.99,7.09,7.23,7.7,7.79
3.74,3.71,3.69,3.31,2.52,1.71,3.23,7.48,6.99,7.37,7.99,8.18,9.15,10.41,10.87,10.8,10.24,9.71,8.97,8.66,8.29,7.45,6.95,7.05,6.84,5.94,7.11,7.43,6.47,5.69,5.42,5.59,5.97,6.82,8.1,8.97,8.41,7.66,7.05,8.21,8.83,9.23,9.37,9.36,10.22,10.77,10.91,11.1,10.51,9.93,9.59,9.81,9.62,9.28,9.04,8.64,7.97,7.62,7.64,7.9,8.14,7.93,7.5,6.95,6.42,5.97,5.42,4.75,4.85,5.17,5.68,6.21,6.81,7.23,6.89,7.41,7.76,6.97,6.41,6.61
3.93,3.52,3.28,2.98,2.85,1.86,1.07,-0.03,2.52,7.01,7.82,8.55,9.41,10.05,10.28,9.46,8.43,7.41,6.73,6.57,5.78,4.69,5.01,5.96,5.66,5.66,6.1,6.5,5.21,4.28,4.5,4.91,5.67,7.44,8.6,8.9,8.31,7.16,6.63,8.3,8.69,9.4,9.68,9.72,9.66,9.65,9.66,9.29,8.62,8.72,9.46,10.4,10.85,10.32,10.11,10.18,10.25,10.4,10.49,10.33,9.96,9.58,9.13,9.04,8.52,7.84,7.2,5.18,4.45,3.55,3.83,4.95,6.21,7.17,7.55,7.4,7.5,6.53,5.82,5.49
5.59,4.97,4.5,4.2,3.88,3.84,3.56,2.58,1.93,1.33,1.47,3.56,5.88,6.7,6.03,6.6,6.64,5.91,5.3,5.13,4.53,4.42,5.1,5.68,5.42,5.52,5.56,5.23,4.81,4.41,4.2,4.79,5.54,6.28,7.18,7.68,7.4,6.42,6.12,7.81,9.33,9.95,10.44,10.39,10.04,9.06,9.03,8.95,8.42,8.13,8.66,9.2,9.42,9.49,9.7,10.32,10.97,11.34,11.8,11.72,11.72,10.93,8.8,9.19,8.84,8.2,7.34,6.92,6.71,6.57,6.65,7.28,7.63,7.65,7.44,6.75,6.52,6.26,5.19,4.68
7.42,6.98,6.36,5.88,5.59,5.21,4.79,4.65,4.32,3.51,2.82,2.42,2.76,3.61,5.03,6.42,7.02,6.51,6.39,6.19,5.69,4.95,4.78,5.55,5.75,5.24,5.3,5.09,5.36,5.8,6.03,6.54,6.19,6.47,6.9,7.48,7.18,6.67,6.9,7.39,8.35,9.05,9.22,9.45,9.57,9.43,9.25,9.32,9.25,9.19,9.8,10.21,9.83,9.38,9.31,9.72,10.7,11.87,13.26,13.3,13.09,11.86,11.12,11.36,9.96,9.57,8.78,8.46,7.97,7.81,5.53,5.72,5.01,5.31,5.03,4.79,4.58,4.17,4.55,4.72
8.8,8.5,8.2,7.92,7.38,6.89,6.48,6.19,5.98,5.98,5.7,5.16,4.76,4.17,4.05,5.05,6.92,7.67,6.87,6.62,5.9,5.64,5.57,5.3,5.64,5.73,5.99,6.69,6.56,7.52,8.35,8.4,8.55,8.27,7.86,7.73,7.08,6.92,6.21,6.19,6.86,7.67,8.25,8.99,9.29,9.55,10.11,10.2,9.9,10.0,10.06,10.47,10.24,9.32,8.52,8.49,11.11,12.1,6.46,4.76,0.27,2.3,0.95,1.4,2.45,1.93,0.91,0.53,0.76,1.59,2.73,3.5,4.1,4.06,3.82,3.85,3.55,4.25,5.05,5.26
10.89,10.26,9.83,9.73,9.46,9.1,8.69,8.36,7.95,7.58,7.45,7.3,6.81,6.35,6.23,5.83,5.77,6.94,7.99,7.24,6.28,5.73,5.47,5.56,5.92,6.1,6.74,7.22,7.81,8.5,8.99,8.55,8.6,8.5,8.03,7.44,6.61,5.87,4.7,4.78,5.42,6.64,7.88,8.52,8.65,9.15,9.68,9.41,9.13,9.23,10.11,10.02,9.25,6.82,5.56,4.81,4.29,2.59,4.73,3.58,0.4,0.82,1.79,0.65,0.72,1.14,1.48,2.19,3.0,3.34,3.35,3.21,3.12,2.94,2.68,2.6,3.03,3.41,3.15,2.98
11.25,10.86,10.64,10.67,10.99,10.9,10.55,10.1,9.39,8.92,8.58,8.29,8.32,8.24,7.81,7.26,7.01,6.84,7.22,7.59,7.51,7.09,6.6,6.46,6.28,6.42,6.91,7.5,8.11,8.05,7.74,7.25,6.39,5.49,5.18,4.78,3.96,3.48,3.95,5.32,6.63,7.13,6.75,7.65,8.42,9.29,9.2,9.02,8.59,8.45,7.81,7.06,4.31,-0.47,-1.92,-2.1,4.59,8.5,0.46,2.44,3.18,2.75,2.86,2.66,2.63,2.79,3.09,3.46,3.74,3.89,4.04,4.08,3.77,3.34,3.01,3.25,3.57,2.89,2.08,1.48
10.39,10.37,10.91,11.01,11.38,11.58,11.45,11.08,10.66,10.13,9.68,9.5,9.42,9.49,9.66,9.44,8.66,7.97,7.55,7.55,7.91,7.73,7.34,7.34,6.97,6.9,7.51,7.46,7.16,6.98,5.89,4.42,3.8,2.87,2.47,2.38,3.01,3.74,4.22,5.74,7.08,7.67,8.31,8.83,8.87,8.74,8.34,7.49,6.85,6.64,4.43,-5.46,-2.8,-3.03,3.21,6.47,-1.51,1.01,4.0,4.9,4.16,3.26,3.25,3.01,2.8,2.8,3.03,3.38,3.59,3.67,3.62,4.0,3.77,3.37,2.69,2.79,3.16,3.16,1.04,-0.22
10.18,10.26,10.83,11.25,12.17,12.3,12.23,12.08,11.81,11.57,11.31,11.1,11.0,11.0,10.89,10.87,10.81,10.08,8.87,8.09,7.71,7.78,7.59,7.26,7.16,7.37,7.53,7.22,6.15,5.44,4.53,3.29,2.18,1.26,1.57,2.29,2.99,3.97,5.15,5.79,6.42,7.75,8.11,7.67,7.28,7.05,6.87,6.54,6.64,5.72,4.93,4.22,-2.89,-4.1,10.47,-0.1,2.63,7.38,7.49,5.73,4.84,3.57,3.6,3.68,3.34,3.02,2.8,2.93,3.14,3.34,3.64,3.37,2.81,2.69,2.29,1.16,0.74,0.02,-0.9,-1.66
10.31,10.92,11.94,13.21,13.71,13.83,13.76,13.73,13.55,13.28,13.08,12.88,12.64,12.44,12.25,12.04,11.83,11.45,10.85,9.61,8.82,8.22,7.96,7.82,7.37,6.82,6.39,6.03,4.67,2.87,2.07,1.34,0.81,0.75,1.41,2.46,3.8,4.78,5.4,5.97,6.33,6.82,6.76,5.97,5.04,4.47,3.73,2.38,0.73,1.75,-3.02,-6.22,-4.6,-2.99,3.18,10.63,4.92,3.0,6.91,1.76,2.01,2.6,2.65,2.8,2.48,2.33,2.44,2.75,3.06,3.14,3.16,3.11,2.09,0.91,-0.02,-1.34,-2.15,-2.13,-1.69,-1.51
12.0,13.13,14.12,14.73,15.01,15.26,15.5,15.53,15.26,15.1,14.52,13.72,12.92,11.16,10.02,8.22,7.85,8.97,8.97,8.22,7.75,7.04,6.52,6.0,5.44,4.93,4.69,4.2,2.88,1.98,1.51,1.34,1.33,1.27,1.76,2.52,3.32,3.94,3.93,3.73,3.52,3.45,3.29,2.58,2.39,4.94,3.6,3.15,4.08,1.78,3.2,-0.3,-5.19,-2.01,1.91,6.68,16.19,6.9,-0.75,0.15,0.02,0.55,-0.58,0.36,1.42,2.18,2.62,2.83,2.9,2.91,2.74,2.73,2.55,1.4,0.58,0.3,0.13,0.03,-0.31,-0.36
14.11,15.12,15.41,15.9,16.65,16.09,15.5,13.62,12.01,11.32,10.63,9.23,8.42,7.19,8.12,9.17,8.84,8.29,7.74,6.94,6.22,6.25,6.67,6.61,5.78,4.85,4.03,3.27,2.63,2.36,2.29,2.52,2.72,2.74,2.71,2.74,2.9,3.0,2.87,2.5,2.03,1.99,2.4,2.54,4.08,4.6,3.69,2.45,1.82,2.57,2.09,3.52,-1.53,1.48,6.78,8.11,12.92,14.51,1.83,1.11,0.17,0.16,1.65,2.63,2.98,2.91,2.89,2.8,2.82,2.85,2.75,2.54,2.34,2.21,1.89,1.46,1.19,1.12,0.95,1.01
8.9,9.8,10.58,11.34,11.73,12.06,12.29,12.43,12.36,11.79,11.48,9.97,6.92,5.17,4.55,4.67,5.15,5.72,6.83,6.51,4.7,5.69,6.03,6.29,5.44,4.08,3.17,2.41,2.13,1.84,1.66,1.58,1.69,1.79,1.61,1.14,0.5,-0.1,-0.33,-0.94,-3.12,-4.81,-4.53,-2.46,-0.79,0.71,1.29,-0.34,-0.7,1.04,1.87,1.71,-1.02,-0.28,3.97,4.49,12.03,14.17,1.26,1.69,0.78,1.04,3.44,3.49,3.19,2.66,2.51,2.83,3.01,2.99,2.94,2.89,2.76,2.52,2.28,2.14,2.38,2.67,2.52,2.26
9.48,10.76,11.88,12.81,13.26,13.21,12.61,11.36,10.57,9.96,8.25,7.01,6.13,4.51,3.33,2.91,2.26,4.37,5.18,5.94,6.43,1.49,-3.65,-5.83,-10.41,-13.28,-12.36,-11.33,-11.25,-11.21,-13.03,-12.09,-10.26,-11.07,-10.38,-8.97,-8.8,-9.45,-9.71,-9.95,-9.67,-6.39,-3.7,-3.51,-5.88,-5.26,-3.32,-4.45,-5.15,-4.97,-4.81,-5.45,-4.53,-1.83,0.44,2.07,10.43,18.75,8.07,1.9,3.6,4.28,3.47,2.15,1.96,2.47,2.76,2.82,2.71,2.58,2.53,2.58,2.72,2.73,2.33,1.95,2.17,2.53,2.31,2.09
8.16,6.11,4.47,3.6,3.18,2.19,3.44,3.05,3.63,5.56,5.46,2.96,2.49,3.44,3.5,3.88,5.57,6.45,6.36,7.16,0.97,-3.84,-2.43,-1.27,-0.01,0.94,-2.09,-5.06,-5.02,-4.23,-4.79,-5.75,-6.01,-5.58,-4.96,-4.24,-3.37,-1.41,-1.92,-4.93,-4.99,-3.32,-3.1,-5.57,-8.28,-6.25,-5.17,-5.87,-5.61,-4.53,-3.76,-2.19,0.34,3.89,8.7,12.32,16.45,6.79,2.37,0.41,-2.72,-2.25,-1.38,-1.26,-0.6,0.02,0.42,0.83,1.2,1.51,1.77,1.97,2.16,2.25,2.06,1.61,1.23,1.08,1.26,1.34
2.01,1.5,0.75,0.0,0.56,1.61,0.08,-0.07,1.84,3.56,3.46,1.98,1.95,2.36,2.72,3.65,4.95,6.71,7.71,5.89,2.87,2.67,3.68,4.28,4.2,1.98,-0.46,0.08,1.22,0.72,0.12,0.63,1.91,3.15,3.28,3.68,5.36,6.77,6.73,7.48,9.18,7.53,4.2,3.17,2.5,1.28,2.41,5.26,5.35,4.48,5.32,6.43,7.53,11.58,13.73,7.0,0.71,-2.1,-2.63,-3.15,-1.93,-1.39,-1.83,-1.35,-0.95,-0.95,-0.79,-0.45,-0.06,0.37,0.78,1.09,1.32,1.49,1.49,1.24,1.01,1.23,1.81,1.6
3.75,1.71,0.49,0.41,2.15,2.79,0.64,-0.88,-0.2,-0.59,-2.13,-2.9,-2.35,-0.78,0.88,1.97,1.76,0.45,-0.72,-0.6,0.5,2.03,2.59,2.1,2.27,2.46,1.6,0.66,0.59,1.58,2.83,3.59,4.26,5.36,6.12,5.74,4.57,4.32,5.93,6.84,4.7,1.83,1.62,3.42,4.61,5.42,6.07,7.27,9.02,10.48,11.06,8.02,5.48,1.32,-4.39,-4.2,-2.5,-2.07,-1.08,-0.16,-0.06,-0.29,-0.59,-0.89,-1.18,-1.24,-1.11,-1.02,-0.78,-0.52,-0.34,-0.07,0.26,0.52,0.65,0.95,1.53,1.96,1.87,1.28
5.76,4.98,3.89,2.32,1.04,1.04,2.0,2.34,2.04,1.35,0.5,-0.19,-0.28,0.1,0.12,-0.29,-0.87,-1.01,-0.77,-0.76,-0.71,-0.49,-0.46,-0.4,0.03,0.7,0.94,0.68,0.51,0.71,0.32,-1.42,-3.59,-4.47,-3.87,-2.77,-1.63,-0.56,-0.11,1.68,4.45,3.72,0.57,-2.35,-4.02,-4.4,-4.61,-4.21,-3.4,-2.7,-1.76,0.02,1.98,3.3,4.15,4.4,4.05,3.23,2.08,0.97,0.25,-0.06,-0.22,-0.41,-0.7,-1.08,-1.51,-1.88,-2.19,-2.45,-2.72,-2.82,-3.04,-3.14,-3.11,-2.97,-2.81,-2.69,-2.6,-2.48
4.77,2.75,0.88,0.22,0.35,0.48,0.26,-0.16,-0.47,-0.83,-1.48,-2.15,-2.35,-2.22,-1.99,-1.93,-1.89,-1.79,-1.81,-1.87,-1.76,-1.36,-0.84,-0.6,-0.93,-1.6,-2.29,-2.72,-2.83,-2.76,-2.26,-1.16,-0.62,-0.1,2.11,-0.7,-5.4,-4.52,-3.26,-4.09,-4.71,-3.94,-2.66,-2.24,-2.69,-1.51,-0.11,-0.46,-1.17,-1.58,-2.07,-2.14,-1.7,-1.25,-1.16,-1.28,-1.37,-1.44,-1.48,-1.46,-1.43,-1.49,-1.65,-1.9,-2.13,-2.23,-2.28,-2.62,-2.94,-2.57,-2.36,-3.66,-5.0,-4.88,-3.69,-2.91,-3.17,-3.17,-2.5,-2.2
0.43,-1.0,-1.3,-1.23,-1.23,-1.31,-1.44,-1.78,-2.4,-3.13,-3.68,-3.98,-3.98,-3.9,-3.85,-3.78,-3.69,-3.49,-3.26,-3.23,-3.35,-3.58,-3.71,-3.53,-3.22,-2.82,-2.4,-1.83,-1.31,-0.85,0.19,1.96,2.92,0.64,-2.8,-2.62,-1.77,-2.11,-2.21,-3.07,-4.09,-3.77,-3.14,-2.78,-2.36,-1.77,-1.01,-0.53,-1.46,-2.68,-2.54,-1.26,-1.51,-2.29,-2.54,-2.76,-3.19,-3.43,-3.47,-3.48,-3.5,-3.51,-3.42,-3.2,-2.89,-2.7,-2.67,-2.17,-0.72,-0.14,-1.99,-4.06,-4.89,-4.57,-3.6,-1.93,-0.98,-2.4,-3.69,-3.77
1.28,-0.04,-0.36,-0.33,-0.37,-0.63,-0.97,-1.28,-1.59,-2.05,-2.68,-3.35,-3.85,-4.16,-4.31,-4.34,-4.33,-4.3,-4.2,-4.03,-3.82,-3.57,-3.15,-2.73,-2.39,-1.91,-0.91,0.66,2.6,4.44,5.17,4.03,1.93,-0.17,-1.23,-1.96,-2.22,-1.25,0.45,1.06,-0.65,-2.76,-2.94,-2.03,-1.43,-0.62,0.39,0.85,0.84,0.75,0.24,-0.93,-2.29,-3.21,-3.72,-3.98,-4.01,-4.14,-4.5,-4.59,-4.41,-4.34,-4.42,-4.46,-4.15,-3.36,-2.55,-2.63,-3.53,-3.93,-3.1,-1.37,0.79,2.7,2.94,1.08,-1.74,-3.79,-4.25,-3.72
1.9,0.13,-1.06,-1.65,-1.95,-2.19,-2.36,-2.45,-2.45,-2.45,-2.47,-2.49,-2.54,-2.66,-2.84,-2.94,-2.88,-2.66,-2.28,-1.55,-0.32,1.3,2.9,4.05,4.5,4.26,3.47,2.37,1.25,0.7,0.79,0.94,0.84,0.47,-0.15,-0.84,-0.67,0.77,2.61,3.6,3.58,3.23,3.03,2.76,1.97,0.68,-0.72,-2.35,-4.01,-4.94,-5.05,-4.76,-4.41,-4.06,-3.69,-3.47,-3.68,-4.2,-4.54,-4.64,-4.8,-4.98,-4.98,-4.94,-5.02,-5.31,-5.74,-6.02,-6.01,-6.0,-6.18,-6.4,-6.59,-6.47,-6.12,-5.6,-4.93,-4.26,-3.88,-4.1
2.99,2.19,0.88,-0.26,-0.9,-1.27,-1.61,-1.99,-2.37,-2.6,-2.63,-2.6,-2.62,-2.61,-2.4,-1.83,-0.93,0.16,1.0,1.39,1.4,1.11,0.66,0.13,-0.39,-0.86,-1.32,-1.88,-2.52,-2.98,-2.9,-2.18,-1.15,-0.39,0.06,0.64,1.38,1.68,1.25,0.58,0.13,-0.31,-0.88,-1.41,-1.98,-2.81,-3.87,-4.79,-5.15,-4.81,-4.09,-3.54,-3.45,-3.65,-3.96,-4.21,-4.34,-4.47,-4.56,-4.73,-4.89,-5.13,-5.38,-5.64,-5.8,-5.94,-6.06,-6.31,-6.53,-6.52,-6.38,-5.88,-5.02,-3.87,-2.31,-0.35,0.73,-0.38,-2.86,-4.4
-0.19,-1.22,-2.07,-2.62,-2.88,-2.99,-3.1,-3.25,-3.33,-3.26,-3.11,-3.0,-2.96,-2.95,-2.87,-2.74,-2.75,-2.99,-3.43,-3.96,-4.42,-4.8,-5.1,-5.3,-5.31,-5.02,-4.49,-3.88,-3.4,-3.16,-2.91,-2.42,-1.81,-1.27,-0.87,-0.6,-0.49,-0.6,-0.87,-1.11,-1.18,-1.13,-1.16,-1.42,-1.84,-2.37,-3.05,-3.79,-4.4,-4.75,-4.87,-4.88,-4.9,-4.86,-4.64,-4.16,-3.63,-3.1,-2.52,-1.99,-2.12,-3.34,-4.88,-5.51,-4.99,-4.15,-3.93,-4.54,-5.19,-4.42,-2.41,-0.99,-1.83,-3.46,-3.64,-2.28,-0.36,0.12,-1.12,-2.77
-4.53,-5.17,-5.72,-6.2,-6.71,-7.22,-7.68,-8.09,-8.5,-8.96,-9.44,-9.88,-10.21,-10.28,-10.0,-9.5,-8.89,-8.28,-7.85,-7.67,-7.63,-7.59,-7.41,-7.0,-6.32,-5.58,-5.19,-5.14,-4.89,-4.32,-3.59,-2.74,-1.93,-1.41,-1.2,-0.97,-0.68,-0.54,-0.46,-0.31,-0.06,0.31,0.66,0.81,0.68,0.26,-0.38,-1.23,-2.26,-3.27,-3.93,-3.94,-3.16,-1.86,-0.76,-0.4,-0.55,-0.58,-0.03,0.99,1.8,1.74,0.6,-0.99,-2.05,-2.6,-3.25,-4.1,-4.73,-4.95,-4.77,-4.21,-3.56,-3.18,-3.29,-3.79,-4.31,-4.62,-4.68,-4.61
