data/2016040900_850.json
{"header": { "discipline":0, "disciplineName":"Meteorological products", "gribEdition":2, "gribLength":79539, "center":7, "centerName":"US National Weather Service - NCEP(WMC)", "subcenter":0, "refTime":"2016-04-09T00:00:00.000Z", "significanceOfRT":1, "significanceOfRTName":"Start of forecast", "productStatus":0, "productStatusName":"Operational products", "productType":1, "productTypeName":"Forecast products", "productDefinitionTemplate":0, "productDefinitionTemplateName":"Analysis/forecast at horizontal level/layer at a point in time", "parameterCategory":2, "parameterCategoryName":"Momentum", "parameterNumber":3, "parameterNumberName":"V-component_of_wind", "parameterUnit":"m.s-1", "genProcessType":2, "genProcessTypeName":"Forecast", "forecastTime":0, "surface1Type":100, "surface1TypeName":"Isobaric surface", "surface1Value":85000.0, "surface2Type":255, "surface2TypeName":"Missing", "surface2Value":0.0, "gridDefinitionTemplate":0, "gridDefinitionTemplateName":"Latitude_Longitude", "numberPoints":65160, "shape":6, "shapeName":"Earth spherical with radius of 6,371,229.0 m", "gridUnits":"degrees", "resolution":48, "winds":"true", "scanMode":0, "nx":360, "ny":181, "basicAngle":0, "subDivisions":0, "lo1":0.0, "la1":90.0, "lo2":359.0, "la2":-90.0, "dx":1.0, "dy":1.0 }, "data":
[rows 36 to 71 of 181, columns 82 to 163 of 360]
5.4,4.17,2.75,2.12,1.26,1.0,2.11,1.73,8.14,5.48,4.83,3.87,3.23,2.37,1.67,2.54,1.06,2.6,2.97,3.76,0.93,0.45,0.16,1.29,-2.11,-1.87,-1.09,-3.4,-1.36,-1.41,-2.84,-4.06,-2.81,-8.92,-10.33,-8.44,-7.22,-7.07,-9.45,-8.94,-5.55,-5.82,-5.58,-4.99,-5.42,-8.47,-8.69,-9.82,-7.2,-5.56,-6.09,-10.32,-11.24,-3.35,-9.88,-5.38,-0.42,0.88,2.12,3.3,1.56,0.01,-0.46,-0.62,-0.72,-0.67,-0.8,-0.68,-0.52,-0.17,0.22,-0.58,3.73,8.82,5.81,3.03,0.02,3.22,-2.94,-4.76,-7.63,-10.48
3.72,2.22,2.93,2.39,-1.63,-3.72,-5.15,5.16,4.64,2.58,2.64,3.63,2.42,2.53,1.89,2.18,1.43,2.61,0.37,0.8,2.85,0.88,0.62,0.65,-0.07,-2.98,-1.76,-1.73,-2.78,-2.87,-5.86,-4.4,-6.29,-10.69,-9.46,-8.58,-7.33,-5.26,-2.59,-3.27,-5.27,-5.67,-6.92,-7.71,-7.86,-8.59,-7.35,-6.13,-9.11,-9.96,-11.24,-6.61,-5.42,-5.13,-11.41,-4.88,-1.84,1.07,4.4,4.11,3.73,1.34,-0.05,-0.69,0.26,1.57,2.57,3.2,2.94,1.88,0.98,-0.1,0.81,3.73,6.1,4.62,2.44,0.23,-1.48,-3.42,-6.28,-7.79
1.72,0.66,-0.47,-1.66,-4.72,-6.03,-0.17,2.59,2.01,1.65,1.06,0.57,2.07,0.42,1.47,2.54,1.65,0.69,1.49,0.21,0.2,-0.04,0.32,-0.37,0.17,-0.15,-2.48,-1.43,-1.61,-1.59,-6.74,-7.63,-7.71,-8.9,-6.66,-5.62,-6.18,-6.86,-5.85,-5.25,-6.53,-5.79,-9.37,-9.71,-10.48,-11.82,-12.03,-9.51,-8.17,-6.94,-3.61,-3.7,-1.77,-2.69,-4.28,-0.88,0.34,-0.26,-0.54,-1.9,0.89,-0.11,-0.5,0.21,0.44,2.35,4.68,6.77,7.4,6.05,3.31,0.33,-1.04,-0.75,2.92,5.08,-0.08,0.07,-0.51,-1.1,-2.14,-3.25
-1.07,-0.39,-0.54,-4.36,-2.45,1.18,2.53,3.13,0.54,2.95,2.7,2.41,2.36,2.35,1.62,0.9,1.07,-0.69,0.04,0.15,-0.42,0.46,0.34,1.06,1.26,0.41,0.75,-2.15,-2.15,-3.49,-5.14,-7.06,-7.86,-8.04,-8.19,-6.91,-7.25,-7.19,-7.0,-6.18,-6.96,-7.95,-8.17,-8.93,-10.34,-12.26,-13.03,-11.25,-8.05,-4.31,-3.32,-4.66,1.07,-1.93,-1.36,-0.73,0.4,-0.65,-1.87,-2.45,-4.49,-3.82,-5.45,-2.22,-0.59,3.53,7.62,9.47,9.65,7.91,3.64,0.7,-0.86,-1.98,-0.36,-0.16,-0.14,-0.68,-0.44,0.06,0.31,0.18
-3.69,-8.39,-2.17,2.84,2.22,2.41,2.6,1.34,0.85,3.16,-1.29,2.52,1.29,2.85,-0.02,1.45,1.1,-0.65,-1.01,0.09,0.35,-0.34,0.79,-0.93,-0.2,0.63,0.02,-0.68,-0.79,-1.09,-3.3,-4.73,-9.45,-8.98,-8.44,-8.28,-8.16,-5.8,-6.46,-6.89,-5.83,-6.96,-6.68,-9.25,-11.49,-10.17,-9.99,-8.46,-6.22,-4.42,-4.58,-5.68,-0.78,-2.43,-0.1,1.26,0.56,-0.6,-1.09,-3.76,-5.58,-6.44,-5.91,-3.71,-2.12,0.37,7.21,10.58,9.09,9.33,4.55,-0.23,-1.04,-0.8,-0.84,-1.04,-0.98,-1.14,-0.69,-0.2,0.29,0.91
-10.95,-3.44,-1.04,3.6,2.38,2.33,3.72,2.52,2.66,1.18,1.42,-0.39,1.7,3.12,3.88,1.84,2.46,0.72,-0.13,0.36,-0.43,0.73,0.6,0.22,-2.53,-0.42,-0.29,-0.62,-1.91,-0.95,-2.36,-7.44,-7.52,-7.87,-8.85,-9.31,-8.55,-7.43,-5.34,-7.48,-7.49,-8.12,-8.88,-9.53,-10.12,-7.52,-7.75,-6.77,-6.24,-4.4,-3.58,-3.12,-1.47,-1.29,1.38,-0.95,-0.93,-0.84,-1.88,-4.37,-3.2,-3.41,-4.86,-3.88,-2.92,-1.92,1.24,9.15,8.19,9.89,4.07,1.81,0.03,-0.31,1.16,0.78,-1.74,-2.22,-1.23,-0.17,0.12,0.15
-2.61,0.31,-2.32,-2.65,0.95,6.62,-0.41,1.02,3.2,1.28,1.71,0.51,1.8,3.8,1.79,3.33,4.31,1.5,0.72,-0.06,-1.15,-1.27,-2.55,-3.33,-1.91,-1.58,-0.84,-1.03,0.04,-4.41,-1.05,-3.13,-8.51,-8.47,-4.97,-6.39,-9.27,-8.14,-7.76,-8.64,-9.02,-9.41,-8.58,-9.86,-8.83,-7.58,-5.83,-3.91,-4.92,-6.67,-6.62,-3.5,-0.77,1.95,-2.3,-0.33,0.89,-3.57,2.55,3.58,2.42,-0.87,-2.5,-4.87,-4.09,-3.77,-2.34,0.31,5.6,8.47,8.15,3.63,2.02,0.52,1.35,1.2,-0.85,-2.06,-3.16,-2.83,-1.68,-0.82
-6.11,1.34,1.29,0.0,4.5,2.22,2.5,5.13,-1.55,1.51,3.15,1.37,1.58,5.19,1.63,0.86,0.36,-1.93,-1.42,0.71,0.7,-0.72,-1.37,-2.89,-1.2,2.46,3.58,0.72,-0.92,-5.25,-6.38,-0.94,-3.71,-3.04,-1.44,-3.35,-7.6,-10.05,-10.35,-10.14,-8.43,-8.78,-7.48,-7.93,-7.24,-6.82,-5.0,-3.74,-4.51,-3.67,-5.82,-5.56,-2.07,-0.18,-1.38,-1.89,-5.84,4.09,6.38,9.21,5.74,2.5,-0.43,-3.29,-2.9,-2.46,-2.32,-1.29,0.23,4.72,9.93,6.48,3.53,0.01,-0.25,0.44,-1.82,-2.01,-3.19,-4.23,-3.36,-1.64
-7.37,-0.63,-5.13,-3.12,3.77,1.95,2.44,3.68,4.46,-0.43,-1.05,-0.46,3.36,2.91,3.14,1.86,1.25,-2.31,-2.85,-1.88,0.13,-2.88,-3.34,-4.73,-0.91,7.45,4.86,0.12,-3.0,-4.25,-6.03,-1.25,-0.5,-0.09,0.82,-3.04,-6.54,-9.54,-10.12,-9.54,-9.46,-7.05,-6.61,-6.82,-6.44,-5.23,-4.35,-2.15,-2.97,-4.82,-5.22,-6.21,-4.58,-3.11,-4.49,-5.92,-8.21,0.74,3.9,8.1,7.49,2.6,2.54,0.58,-1.41,-1.9,-1.96,-1.28,-4.07,-4.56,7.89,10.07,7.15,4.58,-0.32,-2.68,-3.4,-3.54,-4.02,-4.29,-3.86,-2.74
0.64,-2.83,-2.35,1.54,5.65,2.86,5.26,4.7,4.14,-1.86,1.45,0.49,-1.54,2.13,0.47,-1.4,-0.01,1.4,0.17,-0.92,-1.22,-2.19,-3.91,-4.53,0.05,2.91,2.71,0.43,-1.16,-3.88,-4.37,-0.91,0.82,1.0,0.95,-0.26,-2.76,-6.14,-10.15,-9.3,-9.73,-8.51,-6.15,-6.21,-5.43,-4.29,-2.2,-3.8,-2.94,-4.73,-6.9,-7.42,-7.03,-7.32,-11.23,-9.27,-7.76,2.12,2.97,15.32,11.5,9.74,6.38,3.08,-0.18,-1.92,-4.26,-3.55,-4.35,-8.29,-3.59,6.32,9.49,5.76,2.63,-1.37,-4.67,-6.11,-6.13,-5.14,-3.65,-1.9
0.48,3.7,3.94,2.64,-0.42,10.4,-0.73,2.64,2.04,9.21,3.43,5.11,-0.11,0.06,-0.76,-0.06,-0.26,-1.37,0.93,0.36,1.6,1.23,-1.66,-0.98,0.96,5.3,2.55,1.28,0.28,0.75,-1.0,-1.63,-0.06,-0.6,-1.29,-1.26,-1.54,-1.63,-5.5,-10.25,-12.34,-10.96,-7.54,-6.3,-4.97,-3.42,-3.0,-0.46,-3.2,-4.6,-7.31,-8.57,-9.28,-12.08,-12.7,-9.17,-3.59,1.5,5.08,14.84,19.17,10.0,14.24,7.13,4.43,0.2,-4.13,-4.75,-5.76,-10.91,-4.1,0.15,0.38,6.56,4.19,0.52,-2.54,-4.87,-5.39,-6.26,-3.19,0.48
0.89,1.78,2.64,1.63,-1.8,1.51,3.07,3.6,0.5,0.55,1.6,-0.3,-1.88,-1.3,-0.7,-1.36,1.4,0.47,0.92,0.39,-1.12,-0.92,-0.16,-1.8,-5.42,-1.9,-0.47,2.63,4.13,1.01,0.12,-1.27,-2.02,-2.33,-2.55,0.01,0.49,0.81,-5.7,-12.67,-16.35,-15.91,-12.84,-9.47,-4.96,-2.9,-1.03,-2.52,-4.5,-6.58,-8.73,-10.28,-7.78,-9.73,-12.03,-10.86,-6.08,-1.17,4.11,11.05,19.17,13.22,14.23,10.87,6.01,1.22,-2.42,-5.83,-8.24,-8.6,-6.01,-0.34,-1.75,-3.29,-2.28,-0.74,-4.31,-5.24,-2.29,-1.45,3.25,9.0
-2.48,-4.09,-0.25,-2.51,-1.32,-0.05,0.63,1.57,1.14,-1.16,1.15,0.08,0.88,0.88,0.39,0.52,2.29,0.59,1.85,0.4,0.11,-0.61,-2.54,-1.48,-1.88,1.15,0.72,4.29,2.04,1.31,1.28,-0.88,-3.28,-3.09,-4.13,-3.27,0.05,-1.91,-2.19,-3.23,-7.52,-9.51,-12.7,-10.03,-4.12,-2.26,0.32,-0.17,-3.63,-7.1,-11.68,-8.14,-6.94,-6.27,-6.74,-6.51,-4.36,-0.35,4.12,6.62,9.62,10.61,12.15,9.53,5.54,0.93,-3.87,-6.21,-9.01,-9.59,-6.16,-2.68,-2.15,-5.02,-8.54,-12.78,-12.02,-9.71,-4.57,1.13,4.97,6.48
-1.26,1.46,3.54,0.42,-6.23,-3.39,0.29,-0.05,0.36,0.34,0.39,1.5,-0.89,-2.3,-2.71,-0.51,1.4,1.08,2.18,-0.36,2.57,2.14,2.34,2.93,1.98,-0.93,0.05,0.86,-0.05,-0.96,-0.88,-1.63,-3.43,-6.8,-3.56,-4.39,0.9,-0.22,0.29,-1.79,-1.72,-1.37,-0.85,-2.41,-3.26,-1.25,-2.53,-1.19,-4.38,-2.25,-2.83,-8.13,-10.02,-8.78,-6.67,-3.58,-0.75,-0.09,0.58,4.25,4.58,4.98,8.3,9.43,3.82,-0.41,-4.36,-7.66,-8.81,-8.65,-6.73,-3.54,-2.44,-4.64,-9.43,-10.57,-11.56,-9.0,-4.93,-0.6,3.27,5.11
4.02,5.23,4.31,0.65,-0.62,-1.78,-1.47,0.02,-0.32,-1.18,0.5,1.21,2.82,3.53,2.62,1.37,0.36,-0.18,0.15,1.14,5.04,2.7,1.39,1.97,1.82,3.21,3.84,3.81,2.16,2.96,3.14,-0.87,-1.02,1.47,-5.59,-4.46,-0.52,-0.35,-1.58,-3.54,-4.74,-3.01,-1.62,0.93,1.01,-2.91,-7.09,-3.25,1.29,0.12,-2.0,-3.43,-5.99,-7.82,-7.95,-6.3,-4.44,-3.05,-1.94,6.56,3.19,4.43,6.94,6.25,3.48,0.1,-4.97,-8.06,-9.32,-8.31,-4.95,-3.44,-4.31,-6.18,-8.69,-11.47,-11.95,-10.17,-7.49,-4.21,-0.41,1.88
4.48,2.52,1.87,0.78,-0.23,-0.79,-1.39,0.4,1.2,1.05,-1.81,-5.06,-1.84,-2.08,-0.46,0.71,0.41,0.26,0.51,-0.69,-0.18,-1.71,0.43,5.57,0.46,1.34,3.39,2.68,0.94,2.73,1.95,-0.35,-1.63,-6.69,-2.93,-2.55,-2.55,0.08,-0.45,-1.46,-2.32,-1.77,0.17,1.63,1.73,2.45,-5.94,-6.94,-6.56,-3.31,0.03,0.47,0.02,-0.15,-0.84,-0.82,-0.48,-0.67,-1.33,0.74,1.22,4.02,4.67,3.01,-0.3,-1.56,-3.91,-7.35,-8.31,-6.65,-4.34,-4.5,-5.41,-6.18,-8.24,-10.48,-11.56,-10.59,-8.18,-5.26,-2.05,1.5
2.19,1.31,1.68,0.03,-0.34,2.8,1.96,1.31,1.61,-1.25,-1.0,-3.92,-4.05,-0.22,0.97,2.28,1.96,1.24,1.44,0.75,1.34,-2.07,1.31,4.18,3.6,3.21,3.35,2.56,-0.02,1.15,-2.85,0.74,-4.66,-1.65,-3.84,-2.42,-1.4,-1.46,-0.97,-1.73,-1.03,0.5,2.03,2.72,1.78,-1.04,-3.15,-7.97,-6.74,-4.33,-2.41,-0.89,0.33,0.67,-0.33,-2.09,-1.84,-1.34,0.06,-0.06,-0.28,1.34,1.92,-1.07,-2.91,-4.45,-6.09,-8.39,-8.88,-6.98,-6.31,-6.79,-7.3,-7.54,-8.77,-10.32,-10.42,-9.47,-7.72,-4.9,-1.49,0.29
0.23,0.09,0.07,1.78,2.36,2.43,1.02,1.37,0.45,1.6,0.51,0.3,-2.24,-1.97,0.55,-0.33,-0.03,-0.13,1.3,0.05,-1.15,-0.66,2.08,3.73,2.26,1.78,2.38,1.41,-0.26,-1.08,-2.4,-5.01,-2.67,-2.33,-1.77,-0.58,-0.67,-1.96,-3.99,-4.17,-2.3,-0.52,0.74,1.22,1.81,-0.84,-4.62,-4.23,-3.54,-1.18,-0.76,0.24,0.85,-0.22,-0.24,0.37,1.59,-0.95,3.2,0.39,-3.9,0.81,-1.36,-4.38,-5.4,-7.0,-8.71,-9.48,-9.21,-8.41,-7.5,-7.79,-8.94,-9.33,-9.61,-10.07,-9.77,-8.24,-5.97,-4.19,-2.38,-0.14
2.59,2.5,4.02,3.24,1.42,-0.59,-1.15,-3.52,2.13,3.24,-0.09,1.25,0.02,0.0,-0.42,-1.48,1.55,0.64,0.28,0.78,-0.1,0.59,0.73,0.42,1.15,1.25,3.48,1.41,0.4,-2.88,-4.83,-6.91,-3.87,0.25,1.54,-0.39,-2.23,-3.46,-1.86,-0.5,0.5,1.12,1.63,0.16,-0.31,-1.14,-2.9,-1.48,-0.57,-1.7,-2.03,-2.18,-2.23,-1.78,-1.48,-0.31,3.91,2.02,1.93,-0.47,-3.35,-3.39,-2.96,-5.05,-6.54,-7.69,-9.21,-8.72,-8.5,-8.29,-9.03,-9.62,-9.64,-9.24,-8.63,-8.1,-7.57,-6.54,-5.19,-3.73,-1.24,1.06
-0.25,1.49,3.0,2.08,0.06,-1.96,-1.5,1.09,2.42,6.03,2.93,0.47,0.52,-1.01,-0.89,0.61,0.18,-0.03,0.95,0.44,-0.59,-0.26,-0.27,-1.02,-0.15,1.87,2.04,3.12,1.17,-1.04,-5.05,-6.85,-3.66,1.22,1.26,0.68,-1.24,-1.32,-0.31,2.03,0.84,1.22,2.44,1.71,0.74,0.02,0.77,1.62,0.04,-1.23,-2.43,-3.48,-3.5,-4.22,-5.14,-6.59,-5.78,1.68,3.25,0.16,-1.19,-0.17,-0.36,-2.13,-4.92,-7.68,-9.23,-8.75,-7.87,-7.89,-8.09,-8.33,-8.35,-8.27,-8.0,-8.0,-7.2,-5.0,-1.49,4.2,7.18,5.88
1.45,2.15,1.19,0.12,-0.64,1.15,2.36,3.69,2.31,4.82,2.61,1.25,-1.62,-0.58,-2.02,-5.5,-6.41,-2.42,-1.4,-1.7,-3.28,-1.77,-0.4,0.58,-1.77,0.86,1.23,1.08,1.92,0.02,-1.86,-4.25,-2.36,-0.43,-0.97,0.61,-0.42,-1.78,-0.18,-0.66,0.78,1.97,1.38,0.91,1.09,1.37,2.26,1.3,-1.84,-2.84,-1.71,-2.15,-2.29,-5.91,-2.62,-5.18,-7.06,-6.51,-0.22,2.38,-0.03,-0.27,0.05,1.29,-0.72,-4.16,-6.65,-7.51,-7.26,-6.98,-7.2,-7.68,-7.58,-6.21,-3.76,-1.62,2.02,5.47,4.38,1.86,-0.27,0.62
0.28,1.47,2.06,0.82,1.14,3.23,3.09,2.94,2.59,0.87,2.98,2.07,1.59,-1.24,-1.23,-1.08,-0.99,0.54,-1.32,-1.84,-1.94,-2.75,0.02,-0.98,-2.85,-0.83,0.44,0.37,0.56,3.85,-0.49,-2.44,-3.3,-2.18,-0.68,0.35,-0.43,-0.57,-0.63,-0.11,-0.2,-0.65,0.87,2.87,1.95,1.34,2.18,0.31,-1.79,-0.7,-1.98,-0.03,-0.57,-3.3,-3.79,0.1,-4.28,-5.18,-5.65,-3.96,-1.99,-0.07,-0.42,0.15,-1.42,-2.49,-3.52,-4.53,-5.29,-6.64,-6.96,-5.69,-4.53,-0.83,3.03,2.88,0.74,-0.56,0.08,0.19,0.47,2.24
2.71,2.48,1.64,1.29,1.85,0.4,2.37,1.94,2.95,2.43,3.33,0.85,-0.06,1.01,1.42,2.94,2.7,1.6,-1.81,-3.18,-4.07,1.13,-0.21,-0.19,0.95,1.22,0.9,0.26,-0.41,2.33,0.87,-1.4,-2.03,-1.49,1.28,3.01,2.67,0.91,-0.06,-0.79,-1.57,-0.69,1.73,3.21,2.32,1.31,1.49,1.25,2.08,1.28,-0.02,1.32,1.48,-1.93,-1.72,1.01,-0.52,-2.11,-3.2,-3.46,-2.31,-0.76,0.13,-0.99,-0.65,-2.76,-3.12,-2.9,-2.69,-0.39,2.4,3.13,1.69,0.19,0.34,0.01,0.67,2.5,4.09,4.68,4.85,4.78
2.34,4.47,4.2,0.38,1.55,2.05,1.84,3.06,1.64,4.5,4.37,2.31,2.46,2.92,3.06,3.34,2.06,2.63,1.41,2.77,2.67,0.92,-4.85,0.28,2.66,2.5,2.95,1.19,0.86,0.58,1.18,-0.82,-0.9,-1.71,-0.72,0.87,0.1,-0.19,-0.53,-1.29,-1.61,-0.41,1.24,2.71,2.2,0.95,0.87,0.94,1.86,1.64,0.79,-1.24,-1.78,-2.89,-4.0,-4.36,-4.96,-3.79,-1.8,-1.01,-1.42,-0.86,-0.14,1.76,3.75,4.93,6.43,4.32,2.93,1.83,0.37,0.82,2.34,3.57,3.86,3.65,3.76,3.88,3.71,3.68,3.74,3.5
-2.93,0.79,-1.6,3.14,4.14,2.86,1.86,1.95,1.39,0.47,1.35,1.11,0.43,0.75,-0.8,1.7,1.72,2.04,1.53,2.68,0.59,-1.8,-3.01,2.12,2.68,4.27,3.94,-0.95,-1.39,-0.67,-0.54,-0.6,0.48,1.5,1.33,-0.57,0.79,-0.23,-1.24,-0.83,-0.04,0.89,1.55,1.68,2.99,3.07,-0.26,-1.16,-2.01,-1.41,0.74,0.45,-0.97,0.11,0.76,1.67,2.37,1.99,1.08,1.74,3.73,4.45,4.53,4.52,4.04,3.04,2.42,2.44,3.16,3.22,3.01,3.03,3.15,3.32,3.46,3.5,3.43,3.32,3.45,3.59,3.53,2.95
-3.38,-0.39,5.07,3.14,0.62,1.84,2.1,0.25,2.2,3.03,-0.19,-0.84,-0.52,1.15,-1.22,-2.12,1.73,1.77,0.98,0.46,0.85,0.3,-3.02,-1.24,4.71,4.54,0.94,0.86,0.0,0.81,1.71,0.79,1.87,0.42,0.49,0.63,-1.45,1.54,-0.17,-0.49,-0.25,1.44,2.49,4.57,7.39,10.98,8.41,5.49,4.36,4.03,2.68,3.11,1.77,2.22,3.1,2.93,2.58,2.42,2.66,3.0,3.78,3.88,3.33,2.75,3.18,4.33,4.02,3.38,3.04,2.93,3.02,3.3,3.63,3.83,3.76,3.85,4.07,3.97,3.28,2.73,2.47,1.97
-6.83,-3.84,-3.29,1.31,0.42,3.89,3.62,1.58,-1.49,-0.04,1.24,0.41,0.87,-0.13,2.82,-1.96,0.04,-0.05,-0.13,0.1,0.08,1.38,0.7,-0.02,1.63,-0.38,0.26,1.68,0.14,2.7,1.62,1.69,2.34,0.74,1.07,2.43,1.62,3.45,1.95,1.54,1.85,1.79,5.06,6.93,6.13,3.46,0.99,4.0,4.95,5.56,4.98,4.13,3.53,3.95,3.94,3.75,3.62,3.12,2.62,2.03,1.3,1.44,1.83,2.31,2.67,3.06,3.07,2.9,3.01,3.1,3.05,3.32,3.75,3.83,4.18,3.86,3.95,4.47,3.43,2.2,1.97,2.77
-6.01,-2.96,-3.51,-2.73,-1.8,-2.12,-2.8,0.79,-1.21,0.15,-0.16,0.81,-2.73,3.2,3.03,-0.38,1.34,0.9,-1.08,-0.25,2.96,3.15,1.5,0.03,-0.19,4.44,4.43,3.35,6.02,4.8,6.93,6.99,6.61,4.42,3.15,3.2,3.54,1.36,1.02,1.01,4.21,4.03,5.24,5.72,3.92,5.31,7.04,6.46,5.87,5.21,4.5,4.12,3.86,4.6,4.08,3.71,2.58,1.67,1.39,1.25,0.93,0.97,1.85,2.56,2.61,2.35,2.32,2.11,2.26,2.72,3.22,3.41,3.29,4.0,4.83,4.32,4.16,4.67,3.48,2.21,2.37,2.1
-0.23,-2.04,-0.78,1.46,2.17,1.68,-1.57,-1.77,-0.56,2.84,5.09,2.41,4.97,1.94,1.78,0.47,4.26,0.02,1.21,1.5,3.48,1.9,5.71,1.01,3.18,6.23,9.36,7.63,7.17,8.59,9.2,10.33,5.69,7.45,7.27,6.55,3.63,1.75,1.75,5.15,5.16,4.18,1.92,2.43,7.39,8.51,10.21,9.57,8.24,7.69,6.83,5.55,4.19,3.26,2.91,1.92,0.91,0.57,0.42,0.21,0.62,1.71,2.03,1.68,1.98,2.61,3.01,2.5,2.09,2.74,3.0,2.67,3.39,5.48,5.64,5.16,4.41,3.66,2.88,2.07,2.42,2.25
1.27,0.73,1.89,3.21,3.19,2.58,1.13,-2.14,-1.71,2.84,2.12,1.38,-0.66,-0.51,-1.53,-1.02,-0.49,1.73,1.5,1.94,2.05,2.21,3.08,2.0,9.95,10.97,11.75,11.61,11.46,9.42,9.23,7.87,9.16,9.01,6.97,5.72,4.6,5.52,5.95,9.69,1.91,1.91,4.27,8.23,8.13,10.3,10.31,9.24,7.25,6.11,5.47,4.46,3.09,1.76,1.02,0.37,0.54,0.28,-0.15,-0.17,1.01,1.54,1.87,2.75,3.69,3.93,3.24,2.05,2.17,2.45,2.61,4.28,6.74,6.71,6.14,5.24,4.38,3.03,2.63,2.41,1.88,1.8
2.1,1.99,3.08,1.16,1.77,3.8,3.48,1.53,-0.64,1.56,1.67,3.86,1.88,-0.7,-2.38,-2.44,4.45,2.7,1.57,1.09,1.09,1.6,1.99,7.08,6.59,10.44,12.53,12.59,12.3,11.92,9.41,8.16,7.12,6.65,4.89,3.28,4.47,3.4,4.84,2.79,1.01,4.78,8.36,7.34,7.89,8.9,8.92,8.15,7.13,5.92,4.87,3.87,2.31,0.99,0.31,-0.02,-0.4,-0.58,0.12,-0.82,0.08,2.54,3.47,3.86,4.97,4.8,3.62,3.16,2.03,2.59,5.5,6.86,6.16,5.55,6.48,5.5,3.99,2.68,2.29,2.08,2.16,2.15
0.05,-1.45,2.48,-0.04,1.76,0.3,2.36,2.87,-0.55,-0.98,2.55,4.45,-0.82,-1.16,0.46,1.2,4.5,2.92,0.8,1.73,1.62,1.26,-0.07,3.19,5.54,11.8,11.37,12.95,10.44,9.73,8.17,6.16,6.05,4.62,5.07,3.87,2.6,2.47,1.76,0.65,3.22,7.04,6.24,6.35,7.58,7.34,7.13,6.76,5.57,5.07,3.95,2.6,1.66,1.02,0.53,0.45,1.26,1.78,1.18,-2.35,1.08,2.75,2.98,3.34,4.21,3.38,2.41,2.6,2.39,4.14,5.68,5.31,4.41,5.63,8.36,7.09,4.37,3.13,2.62,2.71,2.46,1.76
-1.0,-1.08,2.56,0.75,2.44,-2.85,1.28,0.39,-3.06,-0.08,3.97,2.25,-0.92,-1.19,1.56,2.84,-0.19,2.47,1.81,2.73,3.33,2.33,2.27,3.07,6.65,11.54,10.49,11.6,9.77,10.02,9.73,8.05,6.35,5.05,4.58,3.55,2.43,1.24,0.45,0.22,3.22,3.7,5.22,6.22,6.37,6.48,4.87,4.58,4.64,4.18,3.27,2.51,2.21,1.93,1.98,1.99,1.62,0.03,-1.58,-1.94,1.11,3.77,3.29,3.33,4.01,2.26,2.66,4.16,3.09,4.35,4.32,4.02,4.1,6.27,7.95,6.51,4.5,2.43,2.29,3.62,4.23,4.39
1.41,-0.18,2.86,2.77,1.09,-0.3,-1.16,-2.21,-3.55,-1.07,2.79,0.81,-0.94,0.48,4.1,3.54,1.78,-0.13,2.03,4.28,7.37,3.35,1.98,1.51,6.9,11.2,9.54,10.17,8.61,7.34,6.08,5.0,4.68,4.9,5.04,3.21,2.0,0.35,-0.45,0.75,2.52,4.14,5.22,5.72,5.27,4.26,3.31,3.36,3.98,3.66,2.5,2.35,2.17,2.14,2.16,2.19,1.77,-1.21,-2.6,-1.62,1.44,2.0,2.03,3.5,3.81,2.7,2.89,2.96,2.71,2.16,2.13,2.58,2.59,5.56,5.15,3.97,2.8,0.61,3.76,4.87,4.6,4.08
-0.57,0.32,0.97,1.75,2.2,0.39,-1.4,-4.35,-4.42,-2.49,0.1,0.03,-0.32,2.07,6.85,1.66,3.54,0.92,1.4,5.92,5.02,3.06,2.85,0.53,7.88,6.74,7.97,8.88,5.46,6.33,4.7,5.07,4.71,5.76,5.73,4.28,2.69,1.14,-0.52,0.25,4.05,4.8,4.97,4.19,3.7,2.65,2.25,3.07,3.63,3.94,3.58,2.95,2.37,1.64,2.07,0.43,2.41,-1.25,-2.08,0.42,1.32,0.72,1.41,2.87,3.11,3.07,3.41,2.83,2.18,1.78,2.21,1.18,1.54,2.27,3.83,2.74,1.58,1.35,2.33,3.32,3.97,3.08
3.79,1.58,0.35,2.49,2.82,-0.08,-2.05,-4.6,-4.39,-3.26,-2.06,-1.18,-0.54,3.1,4.83,1.64,1.68,-0.4,3.49,3.42,3.85,2.19,2.82,4.98,4.31,3.65,4.93,5.2,5.1,5.31,5.17,4.91,5.68,7.18,7.0,5.66,4.66,2.07,-1.41,1.29,3.43,4.09,3.36,2.88,2.25,1.69,2.22,3.06,3.66,3.14,2.38,1.62,1.65,1.33,0.54,0.59,0.04,0.0,0.08,0.11,-0.08,0.16,1.21,2.53,2.15,2.96,3.79,3.83,2.57,0.86,0.12,0.51,1.11,2.16,3.49,2.03,-0.18,-1.81,-0.08,2.27,3.25,2.52
