data/2016040900_925.json
{"header": { "discipline":0, "disciplineName":"Meteorological products", "gribEdition":2, "gribLength":78336, "center":7, "centerName":"US National Weather Service - NCEP(WMC)", "subcenter":0, "refTime":"2016-04-09T00:00:00.000Z", "significanceOfRT":1, "significanceOfRTName":"Start of forecast", "productStatus":0, "productStatusName":"Operational products", "productType":1, "productTypeName":"Forecast products", "productDefinitionTemplate":0, "productDefinitionTemplateName":"Analysis/forecast at horizontal level/layer at a point in time", "parameterCategory":2, "parameterCategoryName":"Momentum", "parameterNumber":2, "parameterNumberName":"U-component_of_wind", "parameterUnit":"m.s-1", "genProcessType":2, "genProcessTypeName":"Forecast", "forecastTime":0, "surface1Type":100, "surface1TypeName":"Isobaric surface", "surface1Value":92500.0, "surface2Type":255, "surface2TypeName":"Missing", "surface2Value":0.0, "gridDefinitionTemplate":0, "gridDefinitionTemplateName":"Latitude_Longitude", "numberPoints":65160, "shape":6, "shapeName":"Earth spherical with radius of 6,371,229.0 m", "gridUnits":"degrees", "resolution":48, "winds":"true", "scanMode":0, "nx":360, "ny":181, "basicAngle":0, "subDivisions":0, "lo1":0.0, "la1":90.0, "lo2":359.0, "la2":-90.0, "dx":1.0, "dy":1.0 }, "data":
[rows 0 to 34 of 181, columns 0 to 79 of 360]
-1.13,-1.09,-1.04,-1.0,-0.96,-0.91,-0.87,-0.82,-0.78,-0.73,-0.69,-0.64,-0.6,-0.55,-0.51,-0.46,-0.41,-0.37,-0.32,-0.27,-0.23,-0.18,-0.13,-0.09,-0.04,0.01,0.05,0.1,0.15,0.19,0.24,0.29,0.33,0.38,0.43,0.47,0.52,0.57,0.61,0.66,0.7,0.75,0.79,0.84,0.88,0.93,0.97,1.01,1.06,1.1,1.14,1.18,1.23,1.27,1.31,1.35,1.39,1.43,1.47,1.51,1.55,1.59,1.62,1.66,1.7,1.73,1.77,1.8,1.84,1.87,1.91,1.94,1.97,2.0,2.03,2.06,2.09,2.12,2.15,2.18
5.51,5.51,5.5,5.5,5.49,5.49,5.48,5.48,5.47,5.46,5.45,5.44,5.43,5.43,5.41,5.4,5.39,5.38,5.37,5.35,5.34,5.33,5.31,5.29,5.28,5.26,5.24,5.23,5.21,5.19,5.17,5.15,5.14,5.12,5.1,5.08,5.06,5.05,5.03,5.01,5.0,4.99,4.97,4.96,4.95,4.94,4.94,4.93,4.93,4.93,4.93,4.93,4.94,4.95,4.96,4.97,4.98,5.0,5.01,5.03,5.05,5.08,5.1,5.13,5.15,5.18,5.21,5.25,5.28,5.31,5.35,5.38,5.42,5.45,5.49,5.53,5.56,5.6,5.64,5.67
7.84,7.84,7.84,7.83,7.83,7.82,7.81,7.8,7.78,7.76,7.74,7.71,7.68,7.65,7.61,7.57,7.53,7.49,7.44,7.4,7.35,7.3,7.25,7.2,7.15,7.09,7.04,6.99,6.94,6.89,6.84,6.79,6.74,6.69,6.64,6.59,6.54,6.5,6.45,6.4,6.35,6.31,6.26,6.22,6.17,6.13,6.08,6.04,6.0,5.96,5.92,5.88,5.85,5.81,5.78,5.75,5.73,5.7,5.68,5.67,5.65,5.64,5.64,5.64,5.65,5.65,5.67,5.69,5.71,5.74,5.77,5.81,5.85,5.89,5.94,6.0,6.05,6.11,6.18,6.25
8.52,8.45,8.38,8.31,8.25,8.19,8.13,8.08,8.02,7.97,7.93,7.88,7.84,7.8,7.77,7.73,7.7,7.67,7.64,7.61,7.58,7.55,7.52,7.49,7.46,7.44,7.41,7.39,7.37,7.34,7.32,7.29,7.26,7.23,7.19,7.15,7.11,7.07,7.02,6.98,6.94,6.89,6.85,6.82,6.78,6.75,6.73,6.7,6.68,6.66,6.64,6.62,6.6,6.59,6.57,6.55,6.53,6.52,6.5,6.48,6.46,6.44,6.42,6.4,6.37,6.35,6.33,6.3,6.28,6.26,6.24,6.23,6.22,6.22,6.22,6.23,6.25,6.28,6.32,6.37
9.34,9.36,9.39,9.42,9.46,9.5,9.54,9.59,9.64,9.69,9.74,9.78,9.83,9.88,9.93,9.97,10.01,10.05,10.08,10.11,10.13,10.14,10.15,10.16,10.16,10.17,10.17,10.17,10.18,10.18,10.19,10.19,10.19,10.19,10.18,10.17,10.16,10.14,10.12,10.1,10.07,10.04,10.0,9.96,9.91,9.85,9.79,9.71,9.63,9.54,9.44,9.33,9.22,9.1,8.98,8.86,8.73,8.61,8.49,8.37,8.26,8.15,8.04,7.94,7.85,7.77,7.71,7.66,7.63,7.61,7.61,7.63,7.66,7.69,7.72,7.75,7.77,7.78,7.77,7.76
8.68,8.57,8.47,8.36,8.26,8.16,8.06,7.95,7.84,7.72,7.61,7.49,7.38,7.27,7.17,7.08,7.0,6.94,6.89,6.86,6.84,6.82,6.81,6.81,6.81,6.81,6.81,6.81,6.82,6.82,6.82,6.82,6.82,6.82,6.81,6.81,6.81,6.81,6.81,6.81,6.8,6.79,6.78,6.76,6.74,6.72,6.69,6.66,6.62,6.58,6.53,6.47,6.42,6.36,6.31,6.27,6.23,6.19,6.16,6.13,6.11,6.08,6.06,6.03,6.0,5.97,5.93,5.89,5.83,5.77,5.69,5.6,5.5,5.4,5.29,5.19,5.09,5.0,4.92,4.85
1.32,1.11,0.92,0.74,0.56,0.38,0.21,0.05,-0.11,-0.25,-0.36,-0.47,-0.55,-0.63,-0.7,-0.76,-0.81,-0.86,-0.89,-0.91,-0.92,-0.9,-0.86,-0.78,-0.69,-0.57,-0.43,-0.27,-0.09,0.1,0.31,0.53,0.76,1.0,1.24,1.49,1.72,1.96,2.17,2.37,2.55,2.72,2.86,2.98,3.08,3.17,3.24,3.3,3.36,3.4,3.45,3.5,3.54,3.58,3.62,3.64,3.64,3.63,3.6,3.55,3.48,3.41,3.33,3.24,3.15,3.05,2.96,2.88,2.83,2.8,2.82,2.86,2.93,3.01,3.1,3.17,3.22,3.24,3.25,3.23
-1.76,-1.81,-1.84,-1.85,-1.83,-1.79,-1.74,-1.67,-1.61,-1.56,-1.53,-1.53,-1.56,-1.61,-1.67,-1.72,-1.74,-1.73,-1.66,-1.54,-1.36,-1.13,-0.87,-0.6,-0.35,-0.12,0.06,0.23,0.41,0.62,0.85,1.13,1.4,1.63,1.81,1.92,1.96,1.98,1.99,2.02,2.08,2.14,2.21,2.29,2.36,2.43,2.49,2.54,2.57,2.58,2.58,2.57,2.54,2.52,2.5,2.5,2.5,2.52,2.55,2.61,2.7,2.81,2.94,3.08,3.21,3.33,3.42,3.5,3.56,3.62,3.69,3.8,3.96,4.18,4.46,4.81,5.21,5.63,6.06,6.46
1.57,1.8,2.03,2.25,2.45,2.62,2.77,2.89,2.99,3.07,3.15,3.24,3.39,3.61,3.9,4.17,4.29,4.08,3.45,2.39,1.05,-0.29,-1.48,-2.32,-2.77,-3.03,-3.11,-3.26,-3.2,-2.92,-2.45,-1.63,-0.76,0.29,1.78,2.87,3.52,3.81,3.98,4.14,4.36,4.63,4.93,5.2,5.41,5.55,5.6,5.61,5.58,5.52,5.49,5.42,5.37,5.26,5.2,5.18,5.32,5.64,6.01,6.18,6.38,6.48,6.7,6.89,7.04,7.15,7.2,7.25,7.27,7.24,7.14,6.99,6.77,6.47,6.09,5.66,5.21,4.76,4.37,4.06
1.83,2.29,2.82,3.34,3.84,4.31,4.67,4.96,5.12,5.14,5.03,4.79,4.4,3.9,3.3,2.7,2.2,2.05,2.4,3.25,4.26,5.03,5.49,5.77,5.85,5.62,5.17,4.66,4.32,4.09,3.96,3.91,4.0,4.16,4.28,4.25,4.06,3.86,3.75,3.81,3.96,4.12,4.21,4.21,4.12,3.99,3.85,3.77,3.81,3.94,3.87,3.63,3.38,3.17,3.27,3.39,3.62,3.53,3.13,3.63,3.58,3.1,4.13,4.32,3.99,3.56,3.59,3.47,3.53,3.62,3.69,3.68,3.62,3.5,3.33,3.12,2.88,2.64,2.39,2.13
2.42,2.47,2.41,2.59,3.05,3.77,4.11,3.57,2.33,1.33,1.12,1.69,2.43,3.08,3.58,4.37,4.79,5.47,5.07,3.75,3.14,2.92,4.74,5.06,4.12,4.3,3.65,2.34,2.12,2.31,2.27,1.96,1.51,0.95,0.36,-0.08,-0.16,-0.06,0.01,-0.09,-0.35,-0.65,-0.91,-1.09,-1.2,-1.24,-1.23,-1.23,-1.27,-1.33,-1.37,-1.19,-1.27,-1.23,-1.23,-1.2,-1.23,-1.32,-1.4,-1.47,-1.45,-1.51,-1.7,-1.94,-2.19,-2.45,-2.67,-2.84,-2.95,-3.02,-3.06,-3.1,-3.16,-3.25,-3.39,-3.55,-3.7,-3.86,-4.0,-4.11
5.84,5.34,4.7,4.08,3.63,3.61,4.72,5.68,5.62,5.44,5.46,5.28,2.66,2.57,2.14,0.86,1.26,1.21,2.77,3.72,2.52,2.8,2.48,1.6,1.03,0.71,0.49,0.23,-0.11,-0.56,-0.85,-0.97,-1.26,-1.89,-2.44,-2.95,-3.2,-3.35,-3.45,-3.5,-3.46,-3.37,-3.26,-3.17,-3.06,-2.95,-3.0,-3.15,-3.29,-3.43,-3.6,-3.85,-4.19,-4.56,-4.89,-5.11,-5.23,-5.3,-5.38,-5.47,-5.53,-5.55,-5.5,-5.44,-5.39,-5.37,-5.39,-5.48,-5.64,-5.88,-6.2,-6.53,-6.85,-7.15,-7.45,-7.76,-8.08,-8.42,-8.77,-9.08
6.38,5.85,5.37,5.06,4.96,4.91,5.07,4.84,4.33,3.83,3.32,2.99,3.31,3.78,3.87,2.48,1.99,1.9,2.81,3.09,2.39,2.32,1.63,1.45,0.48,-0.84,-1.51,-1.85,-2.12,-2.41,-2.65,-2.77,-2.81,-3.06,-3.48,-3.73,-3.83,-3.95,-4.13,-4.3,-4.44,-4.57,-4.72,-4.95,-5.22,-5.49,-5.72,-5.9,-6.09,-6.33,-6.57,-6.81,-7.01,-7.12,-7.23,-7.43,-7.56,-7.66,-7.77,-7.85,-7.86,-7.95,-8.09,-8.18,-8.2,-8.24,-8.37,-8.6,-8.9,-9.19,-9.56,-10.13,-10.81,-11.4,-11.89,-12.33,-12.75,-13.1,-13.38,-13.59
6.58,6.42,5.86,4.92,3.84,3.23,3.0,2.63,2.05,1.62,1.6,1.87,2.09,2.33,2.88,3.14,1.71,0.27,-0.05,-0.47,-0.66,-1.52,-2.73,-3.76,-4.41,-4.63,-4.6,-4.49,-4.51,-4.61,-4.7,-4.79,-4.89,-4.99,-5.07,-5.15,-5.23,-5.3,-5.37,-5.47,-5.59,-5.72,-5.83,-5.93,-6.03,-6.14,-6.25,-6.38,-6.53,-6.7,-6.91,-7.17,-7.49,-7.84,-8.2,-8.55,-8.98,-9.45,-9.88,-10.21,-10.41,-10.48,-10.57,-10.79,-10.68,-10.33,-10.94,-11.92,-10.88,-10.23,-10.93,-12.12,-12.65,-12.83,-13.0,-13.2,-13.5,-13.84,-14.13,-14.37
3.06,2.29,1.4,0.66,0.18,-0.24,-0.59,-0.96,-1.43,-2.0,-2.77,-3.55,-4.19,-4.66,-4.94,-5.1,-4.93,-4.69,-4.54,-4.46,-4.36,-4.12,-4.14,-4.59,-5.34,-6.2,-6.83,-7.17,-6.66,-6.16,-5.87,-5.97,-6.32,-6.36,-6.26,-6.36,-6.48,-6.57,-6.69,-6.77,-6.8,-6.74,-6.63,-6.52,-6.43,-6.33,-6.26,-6.27,-6.35,-6.49,-6.65,-6.79,-6.9,-7.02,-7.03,-6.96,-6.91,-6.79,-6.57,-6.47,-6.46,-7.4,-2.5,-3.5,-3.37,-9.73,-11.76,-12.74,-12.82,-12.26,-12.38,-12.97,-13.38,-13.63,-13.8,-13.91,-14.12,-14.54,-15.0,-15.39
-0.99,-1.76,-2.48,-3.03,-3.46,-3.93,-4.59,-5.13,-5.58,-5.95,-6.32,-6.6,-6.91,-7.3,-7.55,-7.56,-7.44,-7.15,-6.86,-7.01,-7.23,-7.1,-7.13,-7.18,-7.17,-7.23,-7.38,-7.49,-7.52,-7.42,-7.32,-7.37,-7.63,-7.69,-7.66,-7.7,-7.74,-7.73,-7.81,-7.86,-7.89,-7.82,-7.61,-7.13,-6.52,-5.97,-5.89,-5.99,-5.92,-5.67,-5.39,-5.11,-4.77,-4.63,-4.85,-4.37,-3.63,-4.78,-4.07,-5.63,-9.39,-9.1,-10.09,-11.29,-12.39,-13.0,-13.19,-13.33,-13.5,-13.68,-13.86,-13.99,-14.07,-14.12,-14.11,-13.92,-13.39,-12.57,-11.86,-11.8
-3.29,-4.06,-5.11,-6.32,-7.31,-7.62,-7.56,-7.91,-8.44,-8.89,-9.25,-9.52,-9.71,-9.91,-10.18,-10.42,-10.64,-10.94,-11.19,-11.34,-11.4,-11.43,-11.42,-11.37,-11.25,-11.07,-10.95,-11.0,-11.38,-11.41,-11.29,-11.16,-11.06,-11.03,-11.05,-11.02,-10.94,-10.75,-10.39,-9.91,-9.26,-8.44,-7.48,-6.56,-6.36,-6.93,-7.07,-6.55,-5.99,-5.56,-5.29,-5.16,-5.21,-5.22,-4.46,-3.53,-4.27,-3.55,-8.04,-8.86,-9.5,-10.36,-11.09,-11.72,-12.19,-12.64,-13.1,-13.38,-13.56,-13.69,-13.69,-13.44,-12.8,-11.91,-10.94,-10.04,-9.04,-7.61,-5.59,-3.09
-7.22,-8.57,-10.0,-10.75,-10.68,-11.03,-11.66,-12.12,-12.54,-12.93,-13.28,-13.62,-13.92,-14.1,-14.22,-14.26,-14.15,-13.94,-13.83,-13.85,-13.9,-13.92,-14.03,-14.31,-14.51,-14.49,-14.38,-14.55,-15.15,-15.55,-15.69,-15.96,-16.29,-16.14,-15.79,-15.42,-15.09,-14.77,-14.57,-14.27,-13.73,-13.2,-12.76,-12.13,-11.37,-10.46,-9.42,-8.38,-7.26,-5.92,-4.59,-3.54,-2.92,-3.39,-3.55,-4.5,-7.84,-9.49,-9.02,-9.07,-8.89,-8.16,-7.68,-7.72,-8.02,-8.11,-7.73,-7.27,-7.02,-6.92,-6.7,-6.27,-5.54,-4.71,-3.86,-2.97,-2.13,-1.27,-0.27,0.63
-10.07,-10.73,-11.75,-12.86,-13.66,-14.25,-14.67,-14.81,-14.65,-14.37,-14.31,-14.35,-14.5,-14.66,-15.09,-15.14,-14.86,-14.55,-14.24,-14.1,-14.31,-14.51,-14.66,-14.79,-14.86,-15.05,-15.17,-15.23,-15.48,-15.84,-16.42,-17.04,-17.49,-17.65,-17.86,-17.97,-18.11,-18.64,-18.51,-18.07,-17.49,-16.83,-16.14,-15.77,-14.82,-13.92,-13.22,-12.51,-11.73,-10.73,-9.41,-7.53,-5.74,-14.79,-14.83,-10.95,-8.68,-6.94,-6.1,-4.85,-3.55,-2.71,-2.24,-2.05,-1.89,-1.66,-1.7,-1.88,-1.64,-1.71,-2.5,-2.81,-2.61,-1.7,-0.79,-0.03,0.64,1.38,1.78,2.27
-10.81,-12.03,-12.96,-13.96,-14.77,-15.29,-15.36,-14.91,-14.19,-13.47,-12.92,-12.58,-12.44,-12.11,-11.69,-11.69,-12.18,-12.67,-12.67,-12.24,-11.34,-10.48,-10.39,-9.94,-8.95,-8.76,-9.0,-9.46,-10.99,-10.35,-11.28,-11.33,-10.46,-9.31,-8.73,-8.48,-8.33,-8.57,-9.22,-10.17,-11.74,-13.55,-15.44,-16.64,-16.95,-16.82,-16.62,-15.94,-14.51,-12.49,-11.31,-10.97,-11.01,-10.21,-9.36,-9.48,-7.39,-4.26,-2.14,-0.45,0.66,1.29,1.78,2.33,2.88,3.22,3.55,4.31,5.14,6.15,7.44,7.53,6.72,6.22,6.36,6.82,7.04,7.19,6.78,6.19
-10.74,-11.85,-11.81,-11.61,-11.42,-11.31,-11.24,-11.05,-10.91,-10.7,-10.45,-10.17,-9.75,-9.4,-9.14,-8.74,-8.19,-7.26,-5.84,-3.1,-1.98,-0.2,0.44,0.07,0.34,-4.02,-0.82,-3.8,-2.51,-0.9,-1.37,-0.83,0.01,-0.5,-1.04,-0.58,-0.74,-1.81,-2.67,-3.34,-3.74,-3.18,-2.52,-2.1,-1.77,-2.8,-4.43,-6.08,-7.48,-8.96,-9.76,-10.41,-10.54,-9.77,-8.7,-7.42,-5.9,-4.31,-2.18,-0.08,1.89,4.0,5.58,7.07,8.25,9.13,9.78,10.47,11.25,11.75,12.09,11.92,11.49,10.71,10.68,10.91,10.63,10.82,10.39,9.98
-8.95,-8.97,-8.83,-9.06,-9.57,-9.93,-10.04,-9.18,-8.04,-7.04,-6.16,-5.32,-4.53,-4.12,-3.69,-2.88,-1.93,-1.51,-1.23,-1.71,-1.3,-0.97,-1.39,-1.4,-0.72,0.53,0.69,0.55,0.17,0.2,0.32,0.23,0.27,0.57,2.15,3.5,3.68,2.65,2.31,2.4,2.2,1.67,1.28,1.44,1.64,1.78,1.22,0.67,0.58,-0.14,-0.95,-1.9,-2.62,-2.85,-3.14,-3.36,-3.29,-3.0,-2.19,-0.5,1.6,3.48,4.53,6.05,6.79,8.08,9.85,11.09,12.55,13.72,14.14,14.7,14.98,14.43,13.81,13.73,13.66,12.76,11.76,11.02
-4.39,-5.41,-6.61,-6.89,-6.64,-7.14,-8.12,-8.59,-7.96,-6.98,-6.32,-5.73,-4.82,-3.83,-3.11,-2.18,-0.82,-0.24,-0.63,-1.19,-1.15,-2.28,-2.31,-1.64,-0.71,-0.01,1.11,1.71,2.14,2.25,1.68,1.76,2.85,2.92,3.32,4.12,6.82,8.52,9.62,10.77,10.46,7.94,6.68,5.95,4.14,4.3,4.55,4.15,3.4,2.6,2.12,2.42,2.01,1.39,1.53,1.9,3.07,4.02,5.6,6.32,5.44,4.76,5.22,6.07,6.52,5.08,2.6,3.42,3.47,4.66,7.23,9.72,11.24,12.4,12.76,12.74,11.85,10.48,9.52,8.96
3.03,1.23,-0.97,-2.07,-2.24,-1.97,-1.79,-2.31,-3.12,-3.4,-3.24,-2.4,-1.66,-0.84,0.36,0.54,0.45,-0.3,-0.5,0.29,-0.18,0.51,1.2,1.18,1.31,1.7,1.89,2.41,2.46,3.2,4.35,6.22,7.24,8.75,7.81,8.23,8.05,7.5,7.87,9.73,9.68,9.65,7.82,7.74,8.06,8.38,6.25,4.82,5.32,6.87,5.87,6.06,7.08,6.68,6.07,5.48,5.74,6.41,7.23,7.96,7.23,5.7,5.19,4.84,6.68,4.06,2.39,4.7,5.38,5.67,5.6,6.5,6.92,6.95,6.53,6.29,6.5,6.86,7.17,6.79
4.13,6.96,7.87,7.23,7.16,7.52,8.47,9.4,10.21,10.83,11.14,11.33,9.95,9.07,1.47,2.86,3.89,3.12,8.77,9.5,8.26,5.73,3.99,3.49,3.82,4.69,6.65,8.6,9.59,9.23,10.73,12.01,11.88,11.45,11.34,9.67,8.88,8.61,8.4,8.24,8.1,8.42,8.96,9.57,9.57,10.37,11.2,12.28,12.35,10.55,10.72,10.93,10.9,10.44,9.8,9.38,8.02,7.14,7.17,7.3,8.51,9.02,7.43,1.37,4.28,6.33,7.5,7.44,5.94,5.46,4.37,4.41,4.04,2.62,1.83,2.25,2.87,3.86,3.86,3.82
3.55,5.39,7.34,9.04,10.35,11.18,11.57,10.94,10.27,10.2,9.4,7.82,7.95,2.74,6.09,6.25,8.55,10.7,12.18,12.01,11.7,9.66,7.94,7.85,8.37,9.58,11.35,12.35,13.11,12.83,12.83,12.05,10.86,10.04,9.71,9.14,9.76,11.82,11.85,11.61,10.79,12.15,12.78,12.23,11.48,11.54,11.35,12.01,12.66,12.55,12.53,12.39,12.26,11.69,11.53,10.86,9.81,8.54,6.97,1.26,1.37,0.24,1.09,1.0,1.5,2.09,2.16,2.87,3.83,3.77,3.61,3.41,2.99,3.46,3.65,3.18,3.11,3.03,3.23,2.66
2.53,3.57,4.33,4.85,5.75,7.01,6.73,6.7,6.99,7.6,8.9,9.72,9.22,4.71,11.08,9.78,10.64,9.39,10.06,10.13,8.75,7.82,8.1,9.37,11.21,12.11,12.18,11.74,10.84,9.34,8.51,8.74,9.31,10.58,10.94,12.28,12.83,12.5,12.13,11.77,12.44,12.02,11.26,12.04,11.83,10.93,11.4,13.47,14.26,14.6,12.41,12.26,11.38,11.76,11.83,11.29,10.03,8.64,7.84,7.6,10.0,9.82,8.31,6.09,3.85,3.95,3.14,2.88,4.51,5.45,5.17,4.9,3.92,4.39,3.81,3.03,2.67,1.93,0.77,0.75
0.86,1.72,2.56,3.13,3.49,4.08,4.53,5.49,5.04,4.38,2.96,1.23,1.84,2.11,2.27,5.95,7.13,6.47,5.05,5.07,6.37,7.32,8.68,9.55,10.65,10.83,9.8,9.45,9.82,11.46,10.72,10.73,10.75,11.11,11.33,10.61,11.46,12.66,12.75,11.49,10.92,11.28,10.27,9.44,10.13,10.78,12.78,14.41,15.91,14.72,12.94,12.3,11.9,11.79,12.73,11.82,10.78,10.57,9.5,8.19,12.27,9.25,8.91,8.48,7.95,6.04,6.33,5.8,5.2,5.21,4.86,4.5,3.34,1.76,1.49,1.63,0.09,-0.03,-0.9,-1.16
-2.83,-2.18,-0.76,-0.11,-0.3,0.4,0.46,0.58,1.39,1.83,0.74,-0.99,-0.42,1.02,0.61,0.24,1.45,2.5,3.88,5.13,5.98,6.5,7.04,7.74,8.33,9.69,10.43,10.92,11.25,11.12,11.13,11.16,11.83,10.59,12.4,11.13,10.08,11.11,10.78,10.64,10.48,10.09,10.39,9.88,10.96,11.64,14.12,12.48,13.62,12.92,11.54,12.37,12.57,12.12,11.4,10.81,11.76,11.42,12.07,12.26,13.19,10.53,10.06,9.52,8.51,8.55,6.54,5.44,4.9,2.9,1.84,2.25,2.43,2.01,0.76,-1.52,-1.06,-1.9,-2.33,-2.82
-3.23,-1.09,-0.61,-0.42,-0.1,-0.19,0.28,0.15,2.14,2.4,1.06,-0.24,-0.96,-1.32,-1.88,-0.62,-0.05,-0.6,0.32,1.51,3.02,4.47,6.14,7.21,8.16,8.82,9.45,10.25,11.48,12.79,13.46,12.12,11.77,12.83,10.99,8.98,7.48,8.68,9.48,9.13,9.32,9.65,10.23,10.52,12.5,12.82,12.28,12.11,12.11,11.36,12.25,13.76,12.9,12.15,11.87,11.02,11.91,13.23,13.34,7.48,17.88,11.94,7.87,7.98,8.04,7.92,7.52,6.39,5.28,3.88,3.21,1.53,0.7,1.11,-1.32,-1.38,-2.21,-3.04,-3.01,-3.01
-4.03,-2.32,-0.7,0.77,1.65,1.64,0.87,2.82,2.28,2.09,-1.28,-1.59,1.12,2.99,3.42,4.24,4.06,4.67,5.29,6.17,6.4,6.49,6.92,7.69,8.76,9.62,9.89,9.1,8.32,8.43,9.68,9.58,8.55,6.74,6.43,7.23,4.69,2.84,2.57,3.04,4.45,8.85,12.98,14.49,13.54,13.13,13.1,13.46,14.13,13.89,12.49,13.02,12.86,13.03,12.25,12.39,13.5,12.22,10.97,11.28,16.18,10.31,8.09,7.46,6.89,6.16,5.77,5.68,5.45,4.83,3.97,1.39,1.09,0.61,-0.68,-1.19,-1.9,-1.87,-1.85,-2.86
-5.03,-3.35,-1.38,0.34,2.23,3.28,3.43,3.18,2.52,3.11,3.26,4.78,8.75,9.78,9.47,9.72,9.66,9.23,7.6,6.35,7.16,8.25,8.44,8.66,8.88,8.86,9.13,9.24,7.62,5.49,5.17,4.31,4.36,5.93,6.94,5.08,0.83,-0.79,1.94,6.45,10.02,10.13,9.81,9.96,9.76,10.24,10.91,11.03,10.56,10.51,10.81,10.7,10.78,10.09,10.83,11.69,11.09,10.03,8.69,9.95,9.66,5.55,6.33,6.85,6.65,6.63,7.14,6.95,6.17,5.2,4.02,2.7,2.05,0.55,-1.32,-1.76,-1.83,-1.92,-2.78,0.02
-4.55,-3.16,-1.46,0.01,1.81,3.77,5.75,9.5,13.05,14.61,15.02,13.69,12.85,12.87,12.32,11.56,10.97,9.13,8.96,8.66,7.25,6.74,7.47,7.62,7.05,8.28,8.14,7.3,5.56,3.85,2.18,2.34,0.83,-2.73,-4.02,-0.26,3.84,5.97,6.6,6.97,8.17,7.82,7.47,8.39,8.12,6.86,6.0,6.39,7.42,8.03,7.89,7.92,8.4,8.69,10.55,11.0,9.44,8.59,8.83,10.18,12.72,11.8,9.02,7.88,8.96,8.94,8.61,8.55,7.31,5.87,4.05,2.88,1.45,0.65,-1.0,-2.12,-2.8,-3.15,-1.41,0.65
1.66,2.45,0.85,2.11,2.98,4.52,5.81,6.91,8.35,9.94,11.38,10.87,10.19,10.57,10.15,10.24,9.69,8.32,7.64,7.33,7.41,7.43,8.1,9.32,8.88,8.22,7.88,4.91,1.87,1.26,0.13,0.74,1.87,5.49,7.72,8.43,7.32,6.74,6.16,6.32,6.64,6.11,5.23,5.01,5.51,5.16,5.15,5.7,6.02,5.81,4.7,5.85,8.09,8.07,8.16,8.29,8.68,9.23,9.48,10.56,11.72,11.15,10.03,8.74,6.98,7.51,7.68,6.78,5.93,4.24,3.09,2.3,1.93,1.34,0.38,0.25,-0.81,-0.63,1.69,1.87
0.94,3.34,4.22,3.42,3.77,4.48,5.65,6.77,7.75,8.72,8.9,8.27,8.0,7.48,7.72,7.48,7.56,7.39,7.78,7.68,7.38,8.17,8.18,5.22,3.24,2.92,1.45,0.53,-0.29,-0.6,2.32,2.37,2.07,4.47,6.18,7.06,6.97,5.97,5.14,5.22,5.37,6.08,6.92,6.35,5.47,5.05,5.62,5.94,5.89,5.36,4.32,3.99,4.01,4.92,5.4,5.99,6.92,7.47,7.65,7.52,9.9,8.46,7.96,5.73,4.39,4.64,3.88,3.92,3.5,3.92,4.99,4.41,5.15,4.87,4.03,4.2,4.18,6.45,5.98,4.59
